p1,  2248.484495,  -227.150827,  -1286.733578
p2,  2258.301491,  -227.008427,  -1288.696214
p3,  2268.209263,  -226.629880,  -1290.379807
p4,  2278.124802,  -226.154945,  -1291.836334
p5,  2288.029013,  -225.278714,  -1293.238444
p6,  2297.972508,  -224.789909,  -1294.401797
p7,  2307.843524,  -223.920433,  -1295.826640
p8,  2317.669196,  -222.284149,  -1297.301126
p9,  2327.665697,  -221.936468,  -1298.020665
p10,  2337.602551,  -220.916803,  -1299.162395
p11,  2347.574798,  -220.626657,  -1300.512244
p12,  2357.541466,  -219.953656,  -1301.266858
p13,  2367.509992,  -219.080927,  -1301.855304
p14,  2377.550171,  -218.517886,  -1302.305087
p15,  2387.533674,  -217.327447,  -1302.929635
p16,  2397.507063,  -216.038590,  -1303.667456
p17,  2407.575576,  -216.253155,  -1303.604638
p18,  2417.598036,  -215.720150,  -1303.783653
p19,  2427.547442,  -214.316071,  -1304.262555
p20,  2437.538815,  -213.010491,  -1304.641912
p21,  2447.537285,  -211.954556,  -1304.841032
p22,  2457.511096,  -210.861095,  -1304.950411
p23,  2467.529101,  -209.751506,  -1305.025031
p24,  2477.566699,  -208.945139,  -1304.868949
p25,  2487.634391,  -208.516808,  -1304.419470
p26,  2497.630748,  -207.664433,  -1303.966310
p27,  2507.617883,  -206.796026,  -1303.412354
p28,  2517.550382,  -205.766308,  -1302.829569
p29,  2527.420917,  -204.144164,  -1302.409077
p30,  2537.354099,  -202.927367,  -1301.781793
p31,  2547.315043,  -201.669955,  -1300.896626
p32,  2557.306704,  -200.782037,  -1300.036149
p33,  2567.214822,  -199.476223,  -1299.232483
p34,  2577.157161,  -198.585062,  -1298.005358
p35,  2587.088707,  -197.594275,  -1296.750430
p36,  2596.961991,  -196.136295,  -1295.643887
p37,  2606.907924,  -195.180251,  -1294.388170
p38,  2616.866914,  -194.003761,  -1293.070521
p39,  2626.717090,  -192.308362,  -1291.921974
p40,  2636.600248,  -190.954941,  -1290.539594
p41,  2646.405186,  -189.545819,  -1288.994474
p42,  2656.182301,  -188.319124,  -1287.289313
p43,  2666.016454,  -187.581544,  -1285.134331
p44,  2675.863217,  -185.915014,  -1283.468129
p45,  2685.631993,  -184.467011,  -1281.610657
p46,  2695.378332,  -183.215137,  -1279.614827
p47,  2705.029737,  -181.689778,  -1277.419615
p48,  2241.340914,  -197.325218,  -1300.535630
p49,  2251.242802,  -197.464038,  -1302.144527
p50,  2261.096628,  -196.758352,  -1303.913534
p51,  2270.946057,  -196.109400,  -1305.591011
p52,  2280.794407,  -195.080481,  -1307.137056
p53,  2290.678309,  -194.357726,  -1308.515894
p54,  2300.616277,  -193.686752,  -1309.701219
p55,  2310.389203,  -191.986856,  -1311.136336
p56,  2320.305250,  -191.130880,  -1312.200080
p57,  2330.214822,  -190.097486,  -1313.354204
p58,  2340.126328,  -189.123961,  -1314.387347
p59,  2350.082397,  -188.041926,  -1315.257060
p60,  2360.072451,  -187.758737,  -1315.687547
p61,  2369.980658,  -186.547288,  -1316.344497
p62,  2380.055124,  -186.358281,  -1316.686786
p63,  2389.900964,  -184.653411,  -1317.473561
p64,  2399.949753,  -184.806433,  -1317.687054
p65,  2409.991014,  -184.585626,  -1317.866070
p66,  2419.992852,  -183.885638,  -1318.219155
p67,  2429.899558,  -182.449155,  -1318.653399
p68,  2439.834955,  -181.212403,  -1318.953286
p69,  2449.853647,  -180.720514,  -1319.000791
p70,  2459.798543,  -179.231691,  -1319.283874
p71,  2469.785342,  -178.701291,  -1319.207961
p72,  2479.780499,  -178.368526,  -1318.910658
p73,  2489.772990,  -177.598061,  -1318.515199
p74,  2499.728085,  -176.596689,  -1318.149239
p75,  2509.693516,  -175.771090,  -1317.501896
p76,  2519.600564,  -174.421891,  -1317.050263
p77,  2529.503739,  -172.714912,  -1316.728584
p78,  2539.472557,  -171.846145,  -1315.912643
p79,  2549.420255,  -170.941288,  -1315.165775
p80,  2559.343173,  -169.840205,  -1314.516358
p81,  2569.244328,  -168.602554,  -1313.764221
p82,  2579.202329,  -168.084217,  -1312.550742
p83,  2589.097629,  -166.947206,  -1311.361168
p84,  2598.948241,  -165.478680,  -1310.257680
p85,  2608.844235,  -164.591633,  -1308.825188
p86,  2618.664950,  -163.152258,  -1307.560311
p87,  2628.528088,  -161.615704,  -1306.228888
p88,  2638.377279,  -160.255029,  -1304.726559
p89,  2648.108294,  -158.437324,  -1303.269611
p90,  2657.917642,  -158.099765,  -1301.288626
p91,  2667.754827,  -157.080998,  -1299.452731
p92,  2677.522629,  -155.441436,  -1297.690370
p93,  2687.255781,  -154.399865,  -1295.533358
p94,  2696.952523,  -152.984844,  -1293.481103
p95,  2240.265501,  -169.122554,  -1309.002700
p96,  2250.158043,  -168.973655,  -1310.555370
p97,  2259.964566,  -168.186076,  -1312.368382
p98,  2269.836540,  -167.452588,  -1314.065297
p99,  2279.730039,  -166.651061,  -1315.549122
p100,  2289.593018,  -165.780176,  -1316.981586
p101,  2299.475458,  -164.890146,  -1318.323422
p102,  2309.272823,  -163.367041,  -1319.676704
p103,  2319.167216,  -162.448208,  -1320.937631
p104,  2329.090558,  -161.477601,  -1322.124282
p105,  2339.021170,  -160.401144,  -1323.122937
p106,  2348.976273,  -159.497045,  -1323.980975
p107,  2358.965301,  -159.095126,  -1324.549291
p108,  2368.899279,  -157.906117,  -1325.297311
p109,  2378.919188,  -157.212710,  -1325.731767
p110,  2388.751207,  -155.481893,  -1326.511099
p111,  2398.772040,  -155.299431,  -1326.805145
p112,  2408.806322,  -154.818436,  -1327.164180
p113,  2418.796209,  -153.941677,  -1327.588323
p114,  2428.713041,  -152.482384,  -1328.131960
p115,  2438.660436,  -151.184783,  -1328.549714
p116,  2448.690562,  -150.749600,  -1328.634074
p117,  2458.612547,  -149.448026,  -1328.881247
p118,  2468.622853,  -148.844060,  -1328.871774
p119,  2478.618982,  -148.509778,  -1328.598203
p120,  2488.613893,  -147.774161,  -1328.262103
p121,  2498.619333,  -146.779173,  -1327.804144
p122,  2508.563046,  -145.902741,  -1327.106686
p123,  2518.479475,  -144.646414,  -1326.549648
p124,  2528.386607,  -143.216538,  -1326.035976
p125,  2538.370812,  -142.467547,  -1325.191911
p126,  2548.354868,  -141.834891,  -1324.388802
p127,  2558.344873,  -140.851926,  -1323.644248
p128,  2568.321849,  -139.809529,  -1322.746310
p129,  2578.295815,  -139.352650,  -1321.554747
p130,  2588.210515,  -138.236867,  -1320.441232
p131,  2598.086923,  -137.029351,  -1319.264713
p132,  2607.970980,  -136.109075,  -1317.865289
p133,  2617.773191,  -134.584021,  -1316.567840
p134,  2627.529985,  -132.832255,  -1315.213465
p135,  2637.295661,  -131.251983,  -1313.702537
p136,  2647.019161,  -129.363649,  -1312.237628
p137,  2656.859122,  -129.157716,  -1310.173426
p138,  2666.640905,  -128.014122,  -1308.353082
p139,  2676.379542,  -126.372713,  -1306.468694
p140,  2686.105028,  -125.346130,  -1304.255772
p141,  2695.821291,  -123.993842,  -1302.062117
p142,  2241.578486,  -141.942384,  -1317.353254
p143,  2251.418166,  -141.244950,  -1319.216635
p144,  2261.224771,  -140.176768,  -1321.021911
p145,  2271.082879,  -139.108606,  -1322.729823
p146,  2280.951285,  -138.046158,  -1324.260709
p147,  2290.875193,  -137.163321,  -1325.724537
p148,  2300.682745,  -135.806960,  -1327.216125
p149,  2310.390457,  -133.817181,  -1328.578844
p150,  2320.308588,  -133.106357,  -1329.734217
p151,  2330.235481,  -132.107091,  -1330.764723
p152,  2340.161081,  -130.906582,  -1331.706118
p153,  2350.106638,  -130.075211,  -1332.417230
p154,  2360.093549,  -129.298477,  -1333.049558
p155,  2370.089893,  -128.444305,  -1333.717753
p156,  2380.013347,  -127.024833,  -1334.403834
p157,  2389.953131,  -125.785613,  -1335.113087
p158,  2399.960312,  -125.728893,  -1335.429839
p159,  2409.958694,  -125.174276,  -1335.867313
p160,  2419.913317,  -123.838143,  -1336.402833
p161,  2429.846877,  -122.579924,  -1336.889387
p162,  2439.832812,  -121.559898,  -1337.239139
p163,  2449.843651,  -120.665868,  -1337.416079
p164,  2459.823824,  -119.550687,  -1337.581102
p165,  2469.804137,  -118.842755,  -1337.557338
p166,  2479.826392,  -118.500271,  -1337.202767
p167,  2489.816207,  -117.619884,  -1336.792169
p168,  2499.773617,  -116.699351,  -1336.174056
p169,  2509.708521,  -115.746492,  -1335.501105
p170,  2519.686085,  -114.293903,  -1334.889485
p171,  2529.689772,  -113.289303,  -1334.109612
p172,  2539.646403,  -112.410316,  -1333.202378
p173,  2549.643909,  -111.797422,  -1332.351000
p174,  2559.573627,  -110.826829,  -1331.458552
p175,  2569.546646,  -110.086708,  -1330.384280
p176,  2579.504098,  -109.399220,  -1329.219180
p177,  2589.451644,  -108.442549,  -1328.059591
p178,  2599.352120,  -107.287096,  -1326.772494
p179,  2609.240299,  -106.074293,  -1325.470776
p180,  2619.008415,  -104.456393,  -1324.033805
p181,  2628.786567,  -102.885110,  -1322.620168
p182,  2638.644461,  -101.665538,  -1321.122092
p183,  2648.462635,  -100.367701,  -1319.427777
p184,  2658.288758,  -99.533202,   -1317.482328
p185,  2668.000071,  -98.057397,   -1315.567078
p186,  2677.716740,  -96.540549,   -1313.555828
p187,  2687.483327,  -95.391666,   -1311.439243
p188,  2697.131490,  -93.793710,   -1309.348498
p189,  2238.793407,  -115.013042,  -1323.226991
p190,  2248.663631,  -114.124565,  -1324.910493
p191,  2258.432630,  -112.743717,  -1326.721647
p192,  2268.192844,  -111.391119,  -1328.497161
p193,  2278.020080,  -110.179703,  -1330.091205
p194,  2287.902272,  -109.160833,  -1331.682812
p195,  2297.762564,  -107.757318,  -1333.200315
p196,  2307.480723,  -105.657727,  -1334.696495
p197,  2317.376727,  -104.435384,  -1335.847312
p198,  2327.235903,  -103.035022,  -1337.064047
p199,  2337.094948,  -101.768210,  -1338.163564
p200,  2347.049835,  -100.719963,  -1339.107008
p201,  2356.998897,  -99.674049,  -1339.959114
p202,  2366.973042,  -98.874217,  -1340.745486
p203,  2376.829405,  -97.320341,  -1341.544966
p204,  2386.747625,  -95.989910,  -1342.336522
p205,  2396.796407,  -95.950366,  -1342.827399
p206,  2406.766755,  -95.297598,  -1343.375349
p207,  2416.668446,  -93.871603,  -1343.964320
p208,  2426.604647,  -92.408028,  -1344.485442
p209,  2436.516529,  -91.125533,  -1344.895262
p210,  2446.515058,  -90.182842,  -1345.190993
p211,  2456.449691,  -88.918498,  -1345.427089
p212,  2466.450363,  -88.015684,  -1345.403747
p213,  2476.458768,  -87.443966,  -1344.998437
p214,  2486.460328,  -86.411194,  -1344.438627
p215,  2496.415153,  -85.522637,  -1343.806168
p216,  2506.339474,  -84.443296,  -1343.031776
p217,  2516.208440,  -82.793206,  -1342.269705
p218,  2526.141160,  -81.613410,  -1341.353773
p219,  2536.071456,  -80.523337,  -1340.318555
p220,  2546.012456,  -79.706822,  -1339.377217
p221,  2555.948173,  -78.599535,  -1338.415027
p222,  2565.882234,  -77.793038,  -1337.252429
p223,  2575.780266,  -76.904041,  -1336.063886
p224,  2585.672360,  -75.697377,  -1334.893536
p225,  2595.562805,  -74.684808,  -1333.645044
p226,  2605.435044,  -73.553716,  -1332.386086
p227,  2615.314248,  -72.373490,  -1331.237754
p228,  2625.173537,  -71.115488,  -1329.971550
p229,  2634.988535,  -69.698618,  -1328.525673
p230,  2644.776329,  -68.297194,  -1326.891824
p231,  2654.581795,  -67.394990,  -1325.019793
p232,  2664.312755,  -65.860733,  -1323.105668
p233,  2674.006122,  -64.101405,  -1321.142347
p234,  2683.740268,  -62.995492,  -1318.985156
p235,  2693.396619,  -61.329840,  -1316.884861
p236,  2232.758365,  -86.194946,  -1326.085690
p237,  2242.603443,  -85.605538,  -1327.844793
p238,  2252.379385,  -83.945456,  -1329.580683
p239,  2262.137394,  -82.443771,  -1331.304749
p240,  2271.936797,  -81.028190,  -1333.038665
p241,  2281.774168,  -79.998211,  -1334.755907
p242,  2291.645271,  -78.912336,  -1336.418553
p243,  2301.352156,  -77.034883,  -1338.025947
p244,  2311.181340,  -75.685952,  -1339.451999
p245,  2320.967898,  -74.152949,  -1340.852006
p246,  2330.843120,  -72.752269,  -1342.043505
p247,  2340.718715,  -71.542622,  -1343.165343
p248,  2350.724155,  -71.042597,  -1344.113735
p249,  2360.637143,  -69.875842,  -1345.107904
p250,  2370.645725,  -69.409247,  -1345.950122
p251,  2380.376816,  -67.306449,  -1346.935350
p252,  2390.381805,  -67.142976,  -1347.593183
p253,  2400.408987,  -66.631018,  -1348.238314
p254,  2410.397777,  -65.614980,  -1348.870377
p255,  2420.281502,  -64.022065,  -1349.474578
p256,  2430.198420,  -62.441789,  -1350.023256
p257,  2440.243273,  -62.148838,  -1350.329485
p258,  2450.209400,  -60.868991,  -1350.662933
p259,  2460.224978,  -60.295335,  -1350.734169
p260,  2470.232905,  -59.795667,  -1350.513789
p261,  2480.177195,  -58.766954,  -1350.027692
p262,  2490.136170,  -57.494883,  -1349.407062
p263,  2500.076916,  -56.599278,  -1348.560961
p264,  2509.925691,  -55.042428,  -1347.680088
p265,  2519.789628,  -53.328163,  -1346.790414
p266,  2529.688333,  -52.324685,  -1345.699215
p267,  2539.607373,  -51.375291,  -1344.637206
p268,  2549.510044,  -50.331073,  -1343.697333
p269,  2559.393324,  -49.252162,  -1342.600658
p270,  2569.383634,  -48.723906,  -1341.362400
p271,  2579.316353,  -47.787691,  -1340.169470
p272,  2589.213812,  -46.575567,  -1338.970275
p273,  2599.135668,  -45.892656,  -1337.729658
p274,  2608.991853,  -44.583695,  -1336.496882
p275,  2618.880650,  -43.219772,  -1335.351031
p276,  2628.773231,  -42.044506,  -1333.965057
p277,  2638.591781,  -40.644206,  -1332.587172
p278,  2648.440411,  -40.284332,  -1330.821701
p279,  2658.227523,  -39.016529,  -1328.908432
p280,  2667.868714,  -37.179949,  -1326.946801
p281,  2677.604537,  -36.032851,  -1324.805383
p282,  2687.289781,  -34.569250,  -1322.653155
p283,  2235.557405,  -55.834715,  -1329.423514
p284,  2245.344733,  -54.385225,  -1331.182997
p285,  2255.080336,  -52.797951,  -1332.927324
p286,  2264.841362,  -51.235624,  -1334.731209
p287,  2274.638024,  -49.993491,  -1336.544768
p288,  2284.483408,  -48.932644,  -1338.304713
p289,  2294.243938,  -47.444627,  -1339.989037
p290,  2303.934683,  -45.430426,  -1341.564615
p291,  2313.777594,  -44.340339,  -1342.999532
p292,  2323.566609,  -42.744531,  -1344.403127
p293,  2333.398513,  -41.398629,  -1345.689059
p294,  2343.327497,  -40.488538,  -1346.772472
p295,  2353.241017,  -39.368686,  -1347.916819
p296,  2363.230176,  -39.028978,  -1348.894734
p297,  2373.059378,  -37.096684,  -1349.913951
p298,  2383.000631,  -36.087109,  -1350.846102
p299,  2393.015326,  -35.942290,  -1351.640027
p300,  2403.006888,  -35.306979,  -1352.378433
p301,  2412.955547,  -33.808903,  -1353.082323
p302,  2422.895579,  -32.413809,  -1353.676777
p303,  2432.886747,  -31.410093,  -1354.190319
p304,  2442.840907,  -30.233233,  -1354.600044
p305,  2452.822374,  -29.313009,  -1354.908536
p306,  2462.819480,  -28.410368,  -1355.002300
p307,  2472.856593,  -27.939008,  -1354.716684
p308,  2482.785191,  -26.780393,  -1354.131344
p309,  2492.729590,  -25.888631,  -1353.346232
p310,  2502.651992,  -24.590110,  -1352.379482
p311,  2512.501945,  -22.636079,  -1351.430699
p312,  2522.455001,  -21.782363,  -1350.342984
p313,  2532.386095,  -20.763639,  -1349.157161
p314,  2542.301764,  -19.892322,  -1348.161712
p315,  2552.234241,  -18.940436,  -1347.102867
p316,  2562.152103,  -18.451403,  -1345.899834
p317,  2572.063703,  -17.657409,  -1344.683948
p318,  2581.983183,  -16.578969,  -1343.450158
p319,  2591.928875,  -15.754966,  -1342.189370
p320,  2601.839844,  -14.731858,  -1340.921312
p321,  2611.747226,  -13.404765,  -1339.674031
p322,  2621.640277,  -12.177876,  -1338.436668
p323,  2631.509161,  -11.068140,  -1337.133540
p324,  2641.382971,  -10.229445,  -1335.677827
p325,  2651.191657,  -9.348339,   -1333.887381
p326,  2660.975100,  -7.904954,   -1332.039984
p327,  2670.691354,  -6.579426,   -1330.025046
p328,  2680.425551,  -5.406456,   -1327.913791
p329,  2690.099480,  -3.960689,   -1325.818553
p330,  2231.419339,  -27.473783,  -1329.866302
p331,  2241.122516,  -25.736702,  -1331.703465
p332,  2250.893110,  -24.434147,  -1333.530877
p333,  2260.677474,  -23.199134,  -1335.282216
p334,  2270.385383,  -21.552093,  -1337.097676
p335,  2280.204625,  -20.597391,  -1338.952160
p336,  2290.025177,  -19.574742,  -1340.759600
p337,  2299.882786,  -18.676739,  -1342.398304
p338,  2309.762979,  -17.595773,  -1343.834161
p339,  2319.555066,  -15.976458,  -1345.280982
p340,  2329.414841,  -14.546011,  -1346.673934
p341,  2339.275510,  -12.953665,  -1347.953674
p342,  2349.184476,  -11.816063,  -1349.156241
p343,  2359.136140,  -11.286807,  -1350.204012
p344,  2369.110403,  -10.894668,  -1351.214592
p345,  2378.916686,  -9.151970,  -1352.285695
p346,  2388.921173,  -9.193390,  -1353.155554
p347,  2398.811627,  -7.696788,  -1354.057790
p348,  2408.782455,  -6.683296,  -1354.815835
p349,  2418.713349,  -5.326505,  -1355.520238
p350,  2428.616065,  -3.702197,  -1356.160248
p351,  2438.639531,  -3.095959,  -1356.625698
p352,  2448.496325,  -1.399341,  -1357.032132
p353,  2458.537009,  -1.371098,  -1357.195296
p354,  2468.549005,  -1.360235,  -1357.112398
p355,  2478.526744,  -0.486204,  -1356.681406
p356,  2488.417510,  1.226793,   -1356.067237
p357,  2498.330563,  2.318024,   -1355.175164
p358,  2508.091200,  4.355804,   -1354.234578
p359,  2517.895537,  6.184875,   -1353.236486
p360,  2527.853368,  6.954498,   -1352.094590
p361,  2537.705553,  8.360201,   -1350.971649
p362,  2547.674079,  8.623611,   -1349.906257
p363,  2557.552126,  9.691688,   -1348.764064
p364,  2567.490337,  10.150998,  -1347.542443
p365,  2577.406372,  10.943054,  -1346.331896
p366,  2587.234545,  12.399074,  -1345.098478
p367,  2597.150097,  12.791724,  -1343.845920
p368,  2607.095894,  13.259466,  -1342.611595
p369,  2616.923219,  15.049511,  -1341.357507
p370,  2626.728120,  16.617355,  -1340.150353
p371,  2636.660623,  16.968463,  -1338.754759
p372,  2646.554101,  17.445203,  -1337.045521
p373,  2656.289639,  19.341875,  -1335.359052
p374,  2666.137058,  19.749554,  -1333.517928
p375,  2675.908395,  21.050378,  -1331.555997
p376,  2685.698280,  21.879538,  -1329.518198
p377,  2229.468927,  4.822186,   -1330.963050
p378,  2239.204934,  6.379976,   -1332.828229
p379,  2248.973213,  7.835787,   -1334.639426
p380,  2258.714781,  9.441535,   -1336.427159
p381,  2268.464932,  10.782603,  -1338.272802
p382,  2278.267160,  11.777505,  -1340.100312
p383,  2288.061800,  12.889499,  -1341.818824
p384,  2297.885079,  13.920276,  -1343.389513
p385,  2307.754901,  15.131345,  -1344.851432
p386,  2317.598199,  16.593463,  -1346.290027
p387,  2327.436159,  18.100535,  -1347.729220
p388,  2337.278191,  19.386198,  -1349.062848
p389,  2347.203237,  20.258662,  -1350.419777
p390,  2357.155598,  20.201648,  -1351.636269
p391,  2367.065403,  21.138728,  -1352.751912
p392,  2376.885105,  22.815390,  -1353.804995
p393,  2386.839176,  23.104781,  -1354.741736
p394,  2396.730735,  24.637813,  -1355.628598
p395,  2406.636137,  25.879235,  -1356.390372
p396,  2416.587992,  27.133561,  -1357.079850
p397,  2426.477657,  28.549068,  -1357.742177
p398,  2436.470615,  29.301715,  -1358.220554
p399,  2446.430057,  30.361621,  -1358.566057
p400,  2456.430050,  30.403591,  -1358.690558
p401,  2466.436830,  30.783329,  -1358.541218
p402,  2476.417147,  31.534827,  -1358.124182
p403,  2486.269606,  33.239224,  -1357.578274
p404,  2496.267343,  33.982207,  -1356.750585
p405,  2506.047783,  36.155858,  -1355.868297
p406,  2515.929517,  37.540117,  -1354.891742
p407,  2525.875794,  38.818329,  -1353.866999
p408,  2535.819795,  39.636021,  -1352.768656
p409,  2545.787359,  40.554365,  -1351.695147
p410,  2555.725391,  40.995786,  -1350.572775
p411,  2565.662922,  41.840318,  -1349.381428
p412,  2575.536427,  42.993990,  -1348.183760
p413,  2585.481489,  43.365465,  -1346.925951
p414,  2595.381517,  44.088363,  -1345.642108
p415,  2605.292447,  44.823515,  -1344.325102
p416,  2615.118968,  46.352495,  -1343.212782
p417,  2625.115327,  46.444118,  -1342.024075
p418,  2635.035793,  47.096635,  -1340.653486
p419,  2644.965470,  47.513436,  -1339.000761
p420,  2654.702160,  49.100085,  -1337.256890
p421,  2664.544267,  49.607527,  -1335.391282
p422,  2674.369585,  50.549565,  -1333.452273
p423,  2684.208461,  50.800563,  -1331.460327
p424,  2229.164125,  32.242858,  -1331.317834
p425,  2238.778237,  34.326678,  -1333.209383
p426,  2248.548664,  35.803651,  -1335.017171
p427,  2258.228657,  37.845850,  -1336.799818
p428,  2267.993026,  38.976403,  -1338.651384
p429,  2277.772210,  40.308235,  -1340.342456
p430,  2287.580854,  41.575955,  -1341.878825
p431,  2297.415111,  42.716591,  -1343.379579
p432,  2307.281777,  44.066086,  -1344.805515
p433,  2317.114649,  45.463012,  -1346.238368
p434,  2326.833221,  47.583678,  -1347.656859
p435,  2336.683412,  48.791819,  -1349.151913
p436,  2346.568747,  49.788785,  -1350.506695
p437,  2356.491991,  49.829831,  -1351.807743
p438,  2366.383262,  51.346023,  -1352.957164
p439,  2376.246204,  52.792720,  -1353.993969
p440,  2386.253420,  53.285159,  -1355.012895
p441,  2396.172502,  54.737214,  -1355.915529
p442,  2406.079968,  56.149734,  -1356.696035
p443,  2415.960448,  57.605353,  -1357.368062
p444,  2425.864884,  58.907993,  -1357.978095
p445,  2435.859602,  59.909663,  -1358.431082
p446,  2445.827884,  60.824632,  -1358.672333
p447,  2455.842362,  61.234547,  -1358.800032
p448,  2465.864597,  61.674524,  -1358.659105
p449,  2475.836633,  62.793838,  -1358.211209
p450,  2485.697418,  64.375545,  -1357.601983
p451,  2495.668963,  65.347051,  -1356.842378
p452,  2505.385727,  67.586279,  -1355.977726
p453,  2515.366380,  68.565334,  -1355.067961
p454,  2525.239988,  70.076378,  -1354.086722
p455,  2535.202806,  70.666401,  -1353.089782
p456,  2545.187419,  71.663071,  -1352.127458
p457,  2555.125570,  72.266175,  -1351.029069
p458,  2565.077697,  72.935300,  -1349.850882
p459,  2574.928919,  74.240851,  -1348.643284
p460,  2584.868402,  74.640879,  -1347.382783
p461,  2594.790806,  75.374018,  -1346.092180
p462,  2604.672684,  76.293574,  -1344.814763
p463,  2614.526558,  77.772937,  -1343.554206
p464,  2624.516137,  78.368357,  -1342.271234
p465,  2634.426845,  78.654448,  -1340.944209
p466,  2644.375048,  79.209187,  -1339.356882
p467,  2654.164636,  80.746214,  -1337.577985
p468,  2664.048924,  81.019959,  -1335.757885
p469,  2673.819149,  81.977594,  -1333.839286
p470,  2683.648174,  81.855802,  -1331.904097
p471,  2220.695301,  63.184100,  -1329.470218
p472,  2230.395054,  64.856708,  -1331.240911
p473,  2240.154887,  66.355084,  -1333.028796
p474,  2249.947620,  67.909265,  -1334.751032
p475,  2259.674456,  69.541131,  -1336.523145
p476,  2269.489897,  70.643820,  -1338.276494
p477,  2279.335973,  71.922686,  -1339.829692
p478,  2289.231607,  73.009780,  -1341.280758
p479,  2299.092745,  74.269470,  -1342.630641
p480,  2308.898396,  75.829172,  -1343.971897
p481,  2318.678110,  77.560088,  -1345.281304
p482,  2328.479863,  79.253362,  -1346.627725
p483,  2338.346422,  80.383366,  -1348.090375
p484,  2348.236267,  80.800258,  -1349.561763
p485,  2358.149786,  81.148434,  -1350.849234
p486,  2367.916427,  83.084420,  -1351.920602
p487,  2377.885566,  83.375871,  -1353.010488
p488,  2387.753559,  84.812441,  -1353.955790
p489,  2397.683306,  85.919453,  -1354.835324
p490,  2407.568227,  87.327369,  -1355.609249
p491,  2417.481576,  88.845836,  -1356.256392
p492,  2427.441023,  89.815128,  -1356.779425
p493,  2437.342580,  91.413671,  -1357.117542
p494,  2447.363093,  91.793124,  -1357.420956
p495,  2457.394847,  92.072635,  -1357.460377
p496,  2467.407585,  92.723337,  -1357.132725
p497,  2477.378047,  94.062821,  -1356.616694
p498,  2487.363725,  95.091367,  -1355.996123
p499,  2497.297413,  96.462071,  -1355.185692
p500,  2506.964841,  98.939333,  -1354.255903
p501,  2516.940729,  99.031598,  -1353.459987
p502,  2526.782160,  100.769158,  -1352.459489
p503,  2536.788594,  100.626207,  -1351.698609
p504,  2546.749177,  101.865159,  -1350.714960
p505,  2556.722776,  102.139530,  -1349.672633
p506,  2566.617021,  102.789419,  -1348.364574
p507,  2576.539320,  103.840772,  -1347.290088
p508,  2586.474291,  104.252532,  -1346.022616
p509,  2596.415266,  104.675724,  -1344.891033
p510,  2606.358683,  105.960031,  -1343.581745
p511,  2616.223473,  107.146843,  -1342.308043
p512,  2626.209854,  107.507499,  -1340.996662
p513,  2636.120395,  107.324479,  -1339.621874
p514,  2645.887797,  108.712612,  -1337.931826
p515,  2655.783198,  109.149608,  -1336.183888
p516,  2665.633540,  109.862810,  -1334.414412
p517,  2675.473819,  110.566046,  -1332.600540
p518,  2216.644923,  92.269206,   -1327.073575
p519,  2226.404061,  93.660179,   -1328.939321
p520,  2236.169454,  95.444141,   -1330.651226
p521,  2245.957987,  96.803159,   -1332.367187
p522,  2255.642670,  98.899198,   -1334.053314
p523,  2265.497893,  99.999024,   -1335.778666
p524,  2275.278905,  101.543074,  -1337.245966
p525,  2285.125796,  102.808981,  -1338.656819
p526,  2295.051189,  103.760063,  -1339.861056
p527,  2304.903035,  105.420069,  -1341.069396
p528,  2314.623749,  107.586030,  -1342.271956
p529,  2324.394491,  109.443530,  -1343.590570
p530,  2334.264161,  110.674227,  -1345.012871
p531,  2344.165837,  111.304008,  -1346.461898
p532,  2354.115920,  111.217559,  -1347.920574
p533,  2363.893741,  113.157133,  -1348.941014
p534,  2373.837454,  113.807299,  -1350.019004
p535,  2383.747521,  115.078392,  -1350.946001
p536,  2393.723377,  116.263184,  -1351.783138
p537,  2403.614773,  117.642306,  -1352.497094
p538,  2413.551908,  119.064263,  -1353.139366
p539,  2423.539430,  120.158359,  -1353.638297
p540,  2433.461013,  121.459355,  -1354.101068
p541,  2443.471691,  121.708436,  -1354.479967
p542,  2453.507614,  122.150891,  -1354.541655
p543,  2463.490229,  122.958353,  -1354.216731
p544,  2473.517011,  123.942440,  -1353.904071
p545,  2483.448107,  125.134395,  -1353.256249
p546,  2493.387976,  126.494328,  -1352.464639
p547,  2503.204160,  128.739861,  -1351.520300
p548,  2513.249550,  129.071285,  -1350.721760
p549,  2523.137261,  130.735674,  -1349.730708
p550,  2533.160684,  130.682584,  -1349.053222
p551,  2543.134062,  131.811949,  -1348.078605
p552,  2553.102975,  132.320068,  -1347.080893
p553,  2563.065676,  132.826307,  -1346.004217
p554,  2572.926790,  134.142352,  -1344.817840
p555,  2582.904094,  134.280535,  -1343.753064
p556,  2592.907374,  134.847856,  -1342.477861
p557,  2602.739383,  136.444630,  -1341.080667
p558,  2612.660607,  137.244114,  -1339.789456
p559,  2622.629370,  137.555274,  -1338.369705
p560,  2632.580808,  137.789051,  -1336.840329
p561,  2642.445425,  138.893592,  -1335.262983
p562,  2652.405139,  138.807492,  -1333.804221
p563,  2662.311949,  139.410219,  -1332.037424
p564,  2672.152969,  140.082249,  -1330.219751
p565,  2212.862234,  119.642699,  -1323.158697
p566,  2222.576675,  121.048744,  -1325.113582
p567,  2232.301988,  123.021337,  -1326.815636
p568,  2242.104498,  124.675593,  -1328.478853
p569,  2251.860806,  126.588587,  -1330.137518
p570,  2261.639187,  128.095461,  -1331.718249
p571,  2271.443725,  129.747061,  -1333.178650
p572,  2281.310474,  130.991068,  -1334.680232
p573,  2291.167238,  132.288556,  -1335.912744
p574,  2300.955557,  134.044914,  -1337.023439
p575,  2310.729074,  135.978102,  -1338.141846
p576,  2320.518677,  137.675924,  -1339.386960
p577,  2330.430277,  138.727660,  -1340.797512
p578,  2340.323428,  139.429627,  -1342.189407
p579,  2350.221475,  139.186091,  -1343.620614
p580,  2359.967305,  141.265519,  -1344.625985
p581,  2369.888886,  142.037062,  -1345.662545
p582,  2379.863482,  143.148722,  -1346.573317
p583,  2389.825280,  144.295674,  -1347.389778
p584,  2399.737321,  145.668520,  -1348.081154
p585,  2409.616641,  147.123268,  -1348.640010
p586,  2419.561130,  148.179149,  -1349.172819
p587,  2429.489481,  149.294640,  -1349.713287
p588,  2439.501411,  149.323754,  -1350.268217
p589,  2449.517296,  149.750618,  -1350.442625
p590,  2459.567964,  150.422387,  -1350.217279
p591,  2469.503995,  151.496704,  -1349.721017
p592,  2479.450814,  152.796701,  -1349.012692
p593,  2489.415573,  153.891483,  -1348.314382
p594,  2499.143817,  156.087897,  -1347.407453
p595,  2509.174332,  156.366023,  -1346.767915
p596,  2518.973386,  158.262442,  -1345.795299
p597,  2529.022898,  158.149627,  -1345.209966
p598,  2539.007406,  159.329072,  -1344.342586
p599,  2549.008174,  159.579447,  -1343.455068
p600,  2559.046106,  159.937561,  -1342.482059
p601,  2568.989392,  160.890696,  -1341.362227
p602,  2578.998852,  161.263550,  -1340.280334
p603,  2589.005578,  161.557692,  -1339.111519
p604,  2598.895177,  162.628336,  -1337.823772
p605,  2608.848069,  163.552543,  -1336.525286
p606,  2618.828605,  163.948746,  -1335.239430
p607,  2628.780504,  164.023433,  -1333.798951
p608,  2638.699803,  164.859941,  -1332.169938
p609,  2648.567080,  165.370080,  -1330.462858
p610,  2658.433846,  165.824277,  -1328.671463
p611,  2668.258559,  166.262239,  -1326.816613
p612,  2212.691867,  148.814798,  -1319.754479
p613,  2222.485318,  150.396724,  -1321.017516
p614,  2232.239381,  152.118001,  -1322.618026
p615,  2242.056717,  153.688141,  -1324.223372
p616,  2251.698540,  155.892666,  -1325.706002
p617,  2261.531036,  157.173902,  -1327.253036
p618,  2271.346276,  158.656922,  -1328.846056
p619,  2281.189912,  160.075654,  -1330.269921
p620,  2290.988698,  161.638914,  -1331.526114
p621,  2300.850697,  163.310644,  -1332.681967
p622,  2310.590855,  165.372055,  -1333.767569
p623,  2320.405801,  166.883542,  -1334.970222
p624,  2330.302613,  168.125196,  -1336.232559
p625,  2340.224334,  168.731883,  -1337.468930
p626,  2350.200439,  169.161214,  -1338.713351
p627,  2360.009008,  171.040568,  -1339.587130
p628,  2370.008846,  171.383097,  -1340.665539
p629,  2379.910379,  172.829625,  -1341.440481
p630,  2389.866881,  173.869712,  -1342.215263
p631,  2399.829245,  175.122764,  -1342.886445
p632,  2409.747576,  176.609343,  -1343.362351
p633,  2419.738681,  177.592054,  -1343.785633
p634,  2429.719019,  178.886374,  -1344.191492
p635,  2439.707421,  179.220522,  -1344.597716
p636,  2449.732230,  179.554163,  -1344.698156
p637,  2459.745303,  180.290212,  -1344.409518
p638,  2469.651991,  181.702881,  -1343.799696
p639,  2479.595723,  182.657366,  -1343.193741
p640,  2489.580476,  183.905784,  -1342.468537
p641,  2499.356070,  185.865407,  -1341.575565
p642,  2509.372581,  186.094941,  -1340.968701
p643,  2519.251030,  187.601410,  -1340.079200
p644,  2529.294896,  187.429004,  -1339.618208
p645,  2539.240132,  188.502005,  -1338.785600
p646,  2549.275799,  188.677833,  -1338.020002
p647,  2559.221703,  189.197905,  -1337.087945
p648,  2569.086626,  190.396123,  -1335.957740
p649,  2579.130954,  190.293379,  -1334.973432
p650,  2589.167664,  190.708571,  -1333.843155
p651,  2599.025734,  191.801747,  -1332.493590
p652,  2608.897770,  192.735635,  -1331.056136
p653,  2618.861505,  192.954707,  -1329.709728
p654,  2628.813187,  192.763030,  -1328.391101
p655,  2638.676710,  193.579069,  -1326.677763
p656,  2648.541357,  193.764752,  -1324.929606
p657,  2658.384734,  194.064112,  -1323.184023
p658,  2668.248830,  194.031395,  -1321.498167
p659,  2211.094388,  177.559077,  -1313.562186
p660,  2220.828430,  179.456509,  -1315.039157
p661,  2230.567255,  181.261563,  -1316.572623
p662,  2240.349148,  182.988596,  -1318.126194
p663,  2250.041973,  185.061468,  -1319.684795
p664,  2259.800887,  186.533106,  -1321.400422
p665,  2269.628445,  187.974036,  -1322.960838
p666,  2279.446668,  189.308817,  -1324.404674
p667,  2289.319101,  190.782960,  -1325.755244
p668,  2299.114277,  192.713246,  -1326.875058
p669,  2308.925917,  194.427407,  -1328.011253
p670,  2318.808504,  196.015763,  -1329.152632
p671,  2328.733520,  197.289129,  -1330.340239
p672,  2338.713087,  198.275847,  -1331.466624
p673,  2348.645597,  198.903708,  -1332.558880
p674,  2358.468865,  200.776152,  -1333.345342
p675,  2368.420825,  200.926585,  -1334.417815
p676,  2378.311355,  202.553713,  -1335.002786
p677,  2388.269515,  203.735682,  -1335.632402
p678,  2398.239807,  205.006166,  -1336.158221
p679,  2408.140929,  206.625075,  -1336.429839
p680,  2418.188517,  207.360305,  -1336.905294
p681,  2428.071898,  208.899898,  -1337.120364
p682,  2438.128816,  209.238355,  -1337.424915
p683,  2448.200589,  209.688362,  -1337.441275
p684,  2458.207857,  210.252773,  -1337.254048
p685,  2468.130574,  211.622062,  -1336.700317
p686,  2478.144126,  212.272186,  -1336.209934
p687,  2488.120576,  213.467230,  -1335.523722
p688,  2498.014803,  215.204102,  -1334.668243
p689,  2508.089479,  215.393487,  -1334.091093
p690,  2517.989357,  216.909349,  -1333.231024
p691,  2527.994205,  216.609381,  -1332.902671
p692,  2537.979138,  217.677902,  -1332.079057
p693,  2547.972137,  217.479314,  -1331.477134
p694,  2557.966051,  217.862037,  -1330.639902
p695,  2567.916145,  218.643841,  -1329.604372
p696,  2577.917266,  218.622002,  -1328.748215
p697,  2587.947341,  218.678381,  -1327.730649
p698,  2597.875252,  219.614388,  -1326.316309
p699,  2607.737939,  220.649301,  -1324.738539
p700,  2617.702317,  221.395909,  -1323.235239
p701,  2627.647038,  221.038111,  -1321.898037
p702,  2637.478201,  221.985667,  -1320.103104
p703,  2647.416686,  221.666212,  -1318.523857
p704,  2657.309308,  222.055580,  -1316.743033
p705,  2667.199265,  221.753618,  -1315.215278
p706,  2203.463756,  206.031532,  -1305.651858
p707,  2213.209871,  207.839135,  -1307.061428
p708,  2222.955053,  209.941376,  -1308.418038
p709,  2232.716860,  211.988767,  -1309.775897
p710,  2242.424417,  214.281251,  -1311.109082
p711,  2252.146257,  216.164886,  -1312.690878
p712,  2261.921320,  217.751640,  -1314.164000
p713,  2271.705507,  219.309358,  -1315.643378
p714,  2281.501485,  220.968060,  -1317.016351
p715,  2291.233086,  222.984955,  -1318.186606
p716,  2301.044283,  224.880503,  -1319.333875
p717,  2310.815201,  226.745026,  -1320.369646
p718,  2320.662860,  228.277481,  -1321.504394
p719,  2330.525175,  229.729085,  -1322.560843
p720,  2340.442256,  230.545675,  -1323.649469
p721,  2350.307326,  232.326137,  -1324.441176
p722,  2360.226336,  233.312643,  -1325.377815
p723,  2370.135439,  234.741658,  -1326.031831
p724,  2380.105830,  235.969028,  -1326.589256
p725,  2390.018181,  237.305311,  -1327.025147
p726,  2399.962176,  238.768297,  -1327.298281
p727,  2409.962431,  239.855219,  -1327.622581
p728,  2419.935607,  241.190295,  -1327.716878
p729,  2429.999616,  242.226009,  -1327.781322
p730,  2440.033467,  242.755830,  -1327.879930
p731,  2450.114468,  243.048452,  -1327.857371
p732,  2460.062094,  244.285047,  -1327.383423
p733,  2469.991418,  245.562593,  -1326.902598
p734,  2480.078032,  246.052329,  -1326.601026
p735,  2490.093125,  247.672161,  -1325.845281
p736,  2500.112356,  248.321768,  -1325.406010
p737,  2510.149081,  249.139827,  -1324.798013
p738,  2520.146463,  249.698215,  -1324.267229
p739,  2530.122229,  250.298459,  -1323.700791
p740,  2540.128050,  250.423012,  -1323.137352
p741,  2550.139087,  250.485583,  -1322.486954
p742,  2560.085239,  251.381982,  -1321.458044
p743,  2570.154946,  251.416554,  -1320.622326
p744,  2580.220600,  251.212732,  -1319.741411
p745,  2590.083450,  252.210036,  -1318.329965
p746,  2599.924300,  253.362808,  -1316.784183
p747,  2609.878183,  253.860226,  -1315.348092
p748,  2619.871997,  253.596951,  -1314.093069
p749,  2629.802326,  254.051545,  -1312.530909
p750,  2639.775124,  253.934462,  -1311.041851
p751,  2649.694393,  253.822882,  -1309.442343
p752,  2659.617720,  253.967967,  -1307.759444
p753,  2204.342430,  234.097599,  -1296.517548
p754,  2213.945097,  236.367484,  -1298.363843
p755,  2223.644621,  238.623077,  -1299.852421
p756,  2233.348530,  240.924807,  -1301.284692
p757,  2243.069201,  243.026898,  -1302.661576
p758,  2252.794670,  244.989859,  -1304.172572
p759,  2262.504031,  246.939353,  -1305.624062
p760,  2272.287566,  248.798644,  -1306.901129
p761,  2282.063976,  250.784907,  -1308.161533
p762,  2291.883444,  253.004258,  -1309.240105
p763,  2301.744509,  254.889512,  -1310.349309
p764,  2311.610964,  256.374247,  -1311.406401
p765,  2321.501134,  257.948200,  -1312.330488
p766,  2331.385985,  259.476047,  -1313.327234
p767,  2341.281496,  260.393028,  -1314.466260
p768,  2351.177518,  261.914883,  -1315.234954
p769,  2361.159230,  263.250366,  -1315.990488
p770,  2371.139931,  264.552692,  -1316.444831
p771,  2381.162394,  265.756045,  -1316.879235
p772,  2391.218783,  266.748390,  -1317.260869
p773,  2401.176017,  267.899745,  -1317.442985
p774,  2411.161668,  269.030996,  -1317.468233
p775,  2421.193191,  270.463254,  -1317.138461
p776,  2431.208184,  271.794433,  -1317.087597
p777,  2441.311374,  272.374480,  -1317.274759
p778,  2451.328660,  272.779648,  -1317.450593
p779,  2461.333937,  274.104164,  -1317.167823
p780,  2471.389660,  275.030525,  -1316.872597
p781,  2481.416633,  275.861856,  -1316.483253
p782,  2491.395150,  277.202034,  -1315.838897
p783,  2501.484050,  277.450698,  -1315.540355
p784,  2511.438605,  278.427645,  -1314.873711
p785,  2521.494878,  278.677335,  -1314.520670
p786,  2531.478723,  279.107091,  -1313.845324
p787,  2541.466215,  279.144584,  -1313.241570
p788,  2551.466789,  279.482990,  -1312.417671
p789,  2561.416465,  279.937239,  -1311.509470
p790,  2571.407387,  279.684694,  -1310.783963
p791,  2581.429084,  279.726141,  -1309.786077
p792,  2591.394217,  280.744287,  -1308.323239
p793,  2601.299253,  281.291773,  -1307.004869
p794,  2611.283697,  281.157460,  -1305.920132
p795,  2621.261205,  280.852451,  -1304.778225
p796,  2631.169943,  281.320793,  -1303.297200
p797,  2641.104651,  280.985094,  -1302.053669
p798,  2651.017489,  280.816864,  -1300.632399
p799,  2660.910540,  280.255697,  -1299.149346
p800,  2202.069547,  262.471607,  -1287.086811
p801,  2211.837392,  264.155837,  -1288.703582
p802,  2221.493666,  266.371038,  -1290.132898
p803,  2231.236557,  268.549459,  -1291.541611
p804,  2240.936050,  270.781716,  -1292.794655
p805,  2250.673609,  272.817577,  -1294.060917
p806,  2260.410443,  274.708752,  -1295.345199
p807,  2270.205213,  276.640051,  -1296.524733
p808,  2279.964727,  278.824128,  -1297.424953
p809,  2289.779926,  280.926991,  -1298.272521
p810,  2299.603099,  282.827273,  -1299.110356
p811,  2309.426436,  284.556644,  -1300.118501
p812,  2319.376739,  286.086212,  -1301.146678
p813,  2329.208102,  287.805648,  -1301.935151
p814,  2339.156920,  289.061063,  -1302.802775
p815,  2349.059908,  291.080433,  -1303.139163
p816,  2359.080589,  291.848058,  -1303.837640
p817,  2369.055332,  293.514734,  -1303.929203
p818,  2379.104020,  294.561783,  -1304.274784
p819,  2389.025909,  296.030907,  -1304.277596
p820,  2399.105582,  297.162158,  -1304.316258
p821,  2409.125688,  297.639168,  -1304.498230
p822,  2419.099077,  299.481670,  -1304.178504
p823,  2429.093283,  300.713652,  -1304.294560
p824,  2439.086382,  301.483588,  -1304.454155
p825,  2449.205477,  301.984282,  -1304.768316
p826,  2459.204660,  303.199370,  -1304.765243
p827,  2469.194703,  304.180582,  -1304.580677
p828,  2479.199225,  304.907271,  -1304.381826
p829,  2489.119291,  306.462634,  -1303.726727
p830,  2499.170928,  306.427616,  -1303.631659
p831,  2509.186296,  307.250924,  -1302.993562
p832,  2519.257167,  307.323926,  -1302.587123
p833,  2529.275842,  307.938485,  -1301.867695
p834,  2539.317105,  307.579031,  -1301.476672
p835,  2549.294358,  308.173287,  -1300.543732
p836,  2559.279650,  308.557575,  -1299.596496
p837,  2569.314451,  308.009297,  -1298.956814
p838,  2579.272042,  308.065714,  -1297.980904
p839,  2589.153134,  308.932704,  -1296.576160
p840,  2599.278545,  309.013641,  -1295.483508
p841,  2609.327400,  308.951226,  -1294.375563
p842,  2619.288210,  308.259694,  -1293.492292
p843,  2629.275310,  308.371834,  -1292.148009
p844,  2639.285315,  307.883385,  -1291.004622
p845,  2649.214457,  307.322192,  -1289.743640
p846,  2659.102997,  306.381879,  -1288.244637
