Test 2013-5-14
51*101 Surface data points
Write Surface data .DAT file.
   51  51
   500.000   200.000   420.000
   500.474   212.936   420.000
   501.869   225.344   420.000
   504.147   237.224   420.000
   507.270   248.576   420.000
   511.200   259.400   420.000
   515.898   269.696   420.000
   521.325   279.464   420.000
   527.443   288.704   420.000
   534.214   297.416   420.000
   541.600   305.600   420.000
   549.562   313.256   420.000
   558.061   320.384   420.000
   567.059   326.984   420.000
   576.518   333.056   420.000
   586.400   338.600   420.000
   596.666   343.616   420.000
   607.277   348.104   420.000
   618.195   352.064   420.000
   629.382   355.496   420.000
   640.800   358.400   420.000
   652.410   360.776   420.000
   664.173   362.624   420.000
   676.051   363.944   420.000
   688.006   364.736   420.000
   700.000   365.000   420.000
   711.994   364.736   420.000
   723.949   363.944   420.000
   735.827   362.624   420.000
   747.590   360.776   420.000
   759.200   358.400   420.000
   770.618   355.496   420.000
   781.805   352.064   420.000
   792.723   348.104   420.000
   803.334   343.616   420.000
   813.600   338.600   420.000
   823.482   333.056   420.000
   832.941   326.984   420.000
   841.939   320.384   420.000
   850.438   313.256   420.000
   858.400   305.600   420.000
   865.786   297.416   420.000
   872.557   288.704   420.000
   878.675   279.464   420.000
   884.102   269.696   420.000
   888.800   259.400   420.000
   892.730   248.576   420.000
   895.853   237.224   420.000
   898.131   225.344   420.000
   899.526   212.936   420.000
   900.000   200.000   420.000
   500.059   200.000   412.883
   500.533   212.690   412.883
   501.927   224.863   412.883
   504.205   236.518   412.883
   507.327   247.654   412.883
   511.256   258.273   412.883
   515.952   268.373   412.883
   521.378   277.956   412.883
   527.494   287.020   412.883
   534.263   295.567   412.883
   541.647   303.596   412.883
   549.606   311.107   412.883
   558.103   318.099   412.883
   567.099   324.574   412.883
   576.555   330.531   412.883
   586.434   335.970   412.883
   596.696   340.890   412.883
   607.304   345.293   412.883
   618.219   349.178   412.883
   629.403   352.545   412.883
   640.818   355.394   412.883
   652.424   357.725   412.883
   664.183   359.538   412.883
   676.058   360.833   412.883
   688.010   361.609   412.883
   700.000   361.868   412.883
   711.990   361.609   412.883
   723.942   360.833   412.883
   735.817   359.538   412.883
   747.576   357.725   412.883
   759.182   355.394   412.883
   770.597   352.545   412.883
   781.781   349.178   412.883
   792.696   345.293   412.883
   803.304   340.890   412.883
   813.566   335.970   412.883
   823.445   330.531   412.883
   832.901   324.574   412.883
   841.897   318.099   412.883
   850.394   311.107   412.883
   858.353   303.596   412.883
   865.737   295.567   412.883
   872.506   287.020   412.883
   878.622   277.956   412.883
   884.048   268.373   412.883
   888.744   258.273   412.883
   892.673   247.654   412.883
   895.795   236.518   412.883
   898.073   224.863   412.883
   899.467   212.690   412.883
   899.941   200.000   412.883
   500.234   200.000   405.932
   500.707   212.448   405.932
   502.100   224.388   405.932
   504.376   235.820   405.932
   507.496   246.744   405.932
   511.421   257.159   405.932
   516.113   267.067   405.932
   521.533   276.466   405.932
   527.645   285.358   405.932
   534.408   293.741   405.932
   541.785   301.617   405.932
   549.737   308.984   405.932
   558.227   315.843   405.932
   567.214   322.194   405.932
   576.663   328.037   405.932
   586.533   333.372   405.932
   596.786   338.198   405.932
   607.385   342.517   405.932
   618.291   346.328   405.932
   629.465   349.630   405.932
   640.869   352.425   405.932
   652.465   354.711   405.932
   664.215   356.489   405.932
   676.079   357.760   405.932
   688.020   358.522   405.932
   700.000   358.776   405.932
   711.980   358.522   405.932
   723.921   357.760   405.932
   735.785   356.489   405.932
   747.535   354.711   405.932
   759.131   352.425   405.932
   770.535   349.630   405.932
   781.709   346.328   405.932
   792.615   342.517   405.932
   803.214   338.198   405.932
   813.467   333.372   405.932
   823.337   328.037   405.932
   832.786   322.194   405.932
   841.773   315.843   405.932
   850.263   308.984   405.932
   858.215   301.617   405.932
   865.592   293.741   405.932
   872.355   285.358   405.932
   878.467   276.466   405.932
   883.887   267.067   405.932
   888.579   257.159   405.932
   892.504   246.744   405.932
   895.624   235.820   405.932
   897.900   224.388   405.932
   899.293   212.448   405.932
   899.766   200.000   405.932
   500.518   200.000   399.141
   500.991   212.209   399.141
   502.382   223.919   399.141
   504.655   235.132   399.141
   507.770   245.845   399.141
   511.689   256.061   399.141
   516.375   265.778   399.141
   521.788   274.997   399.141
   527.890   283.718   399.141
   534.644   291.940   399.141
   542.011   299.664   399.141
   549.952   306.890   399.141
   558.429   313.617   399.141
   567.404   319.846   399.141
   576.838   325.577   399.141
   586.694   330.809   399.141
   596.933   335.543   399.141
   607.517   339.779   399.141
   618.407   343.516   399.141
   629.565   346.755   399.141
   640.953   349.496   399.141
   652.533   351.738   399.141
   664.266   353.483   399.141
   676.113   354.728   399.141
   688.037   355.476   399.141
   700.000   355.725   399.141
   711.963   355.476   399.141
   723.887   354.728   399.141
   735.734   353.483   399.141
   747.467   351.738   399.141
   759.047   349.496   399.141
   770.435   346.755   399.141
   781.593   343.516   399.141
   792.483   339.779   399.141
   803.067   335.543   399.141
   813.306   330.809   399.141
   823.162   325.577   399.141
   832.596   319.846   399.141
   841.571   313.617   399.141
   850.048   306.890   399.141
   857.989   299.664   399.141
   865.356   291.940   399.141
   872.110   283.718   399.141
   878.212   274.997   399.141
   883.625   265.778   399.141
   888.311   256.061   399.141
   892.230   245.845   399.141
   895.345   235.132   399.141
   897.618   223.919   399.141
   899.009   212.209   399.141
   899.482   200.000   399.141
   500.909   200.000   392.508
   501.380   211.973   392.508
   502.769   223.458   392.508
   505.037   234.453   392.508
   508.146   244.960   392.508
   512.058   254.979   392.508
   516.734   264.508   392.508
   522.137   273.549   392.508
   528.227   282.102   392.508
   534.968   290.165   392.508
   542.320   297.740   392.508
   550.245   304.826   392.508
   558.706   311.424   392.508
   567.663   317.532   392.508
   577.080   323.152   392.508
   586.916   328.284   392.508
   597.135   332.926   392.508
   607.698   337.080   392.508
   618.567   340.746   392.508
   629.703   343.922   392.508
   641.069   346.610   392.508
   652.626   348.809   392.508
   664.336   350.520   392.508
   676.160   351.741   392.508
   688.061   352.474   392.508
   700.000   352.719   392.508
   711.939   352.474   392.508
   723.840   351.741   392.508
   735.664   350.520   392.508
   747.374   348.809   392.508
   758.931   346.610   392.508
   770.297   343.922   392.508
   781.433   340.746   392.508
   792.302   337.080   392.508
   802.865   332.926   392.508
   813.084   328.284   392.508
   822.920   323.152   392.508
   832.337   317.532   392.508
   841.294   311.424   392.508
   849.755   304.826   392.508
   857.680   297.740   392.508
   865.032   290.165   392.508
   871.773   282.102   392.508
   877.863   273.549   392.508
   883.266   264.508   392.508
   887.942   254.979   392.508
   891.854   244.960   392.508
   894.963   234.453   392.508
   897.231   223.458   392.508
   898.620   211.973   392.508
   899.091   200.000   392.508
   501.400   200.000   386.030
   501.870   211.741   386.030
   503.256   223.003   386.030
   505.518   233.786   386.030
   508.620   244.089   386.030
   512.522   253.914   386.030
   517.186   263.259   386.030
   522.576   272.124   386.030
   528.651   280.511   386.030
   535.375   288.418   386.030
   542.709   295.846   386.030
   550.615   302.795   386.030
   559.054   309.265   386.030
   567.990   315.255   386.030
   577.383   320.766   386.030
   587.195   325.798   386.030
   597.389   330.351   386.030
   607.926   334.425   386.030
   618.768   338.019   386.030
   629.877   341.134   386.030
   641.214   343.770   386.030
   652.743   345.926   386.030
   664.424   347.603   386.030
   676.219   348.802   386.030
   688.090   349.520   386.030
   700.000   349.760   386.030
   711.910   349.520   386.030
   723.781   348.802   386.030
   735.576   347.603   386.030
   747.257   345.926   386.030
   758.786   343.770   386.030
   770.123   341.134   386.030
   781.232   338.019   386.030
   792.074   334.425   386.030
   802.611   330.351   386.030
   812.805   325.798   386.030
   822.617   320.766   386.030
   832.010   315.255   386.030
   840.946   309.265   386.030
   849.385   302.795   386.030
   857.291   295.846   386.030
   864.625   288.418   386.030
   871.349   280.511   386.030
   877.424   272.124   386.030
   882.814   263.259   386.030
   887.478   253.914   386.030
   891.380   244.089   386.030
   894.482   233.786   386.030
   896.744   223.003   386.030
   898.130   211.741   386.030
   898.600   200.000   386.030
   501.987   200.000   379.703
   502.456   211.513   379.703
   503.837   222.556   379.703
   506.093   233.130   379.703
   509.185   243.233   379.703
   513.076   252.867   379.703
   517.727   262.030   379.703
   523.100   270.724   379.703
   529.158   278.947   379.703
   535.862   286.701   379.703
   543.174   293.985   379.703
   551.056   300.799   379.703
   559.471   307.143   379.703
   568.380   313.017   379.703
   577.745   318.421   379.703
   587.529   323.355   379.703
   597.692   327.820   379.703
   608.198   331.814   379.703
   619.008   335.339   379.703
   630.084   338.393   379.703
   641.388   340.978   379.703
   652.882   343.092   379.703
   664.529   344.737   379.703
   676.289   345.912   379.703
   688.126   346.617   379.703
   700.000   346.852   379.703
   711.874   346.617   379.703
   723.711   345.912   379.703
   735.471   344.737   379.703
   747.118   343.092   379.703
   758.612   340.978   379.703
   769.916   338.393   379.703
   780.992   335.339   379.703
   791.802   331.814   379.703
   802.308   327.820   379.703
   812.471   323.355   379.703
   822.255   318.421   379.703
   831.620   313.017   379.703
   840.529   307.143   379.703
   848.944   300.799   379.703
   856.826   293.985   379.703
   864.138   286.701   379.703
   870.842   278.947   379.703
   876.900   270.724   379.703
   882.273   262.030   379.703
   886.924   252.867   379.703
   890.815   243.233   379.703
   893.907   233.130   379.703
   896.163   222.556   379.703
   897.544   211.513   379.703
   898.013   200.000   379.703
   502.666   200.000   373.524
   503.133   211.289   373.524
   504.509   222.118   373.524
   506.758   232.486   373.524
   509.839   242.393   373.524
   513.716   251.839   373.524
   518.351   260.824   373.524
   523.706   269.349   373.524
   529.743   277.413   373.524
   536.424   285.016   373.524
   543.711   292.158   373.524
   551.567   298.839   373.524
   559.953   305.060   373.524
   568.831   310.820   373.524
   578.164   316.119   373.524
   587.914   320.957   373.524
   598.043   325.335   373.524
   608.513   329.251   373.524
   619.285   332.707   373.524
   630.324   335.702   373.524
   641.589   338.237   373.524
   653.044   340.310   373.524
   664.650   341.923   373.524
   676.370   343.075   373.524
   688.166   343.766   373.524
   700.000   343.997   373.524
   711.834   343.766   373.524
   723.630   343.075   373.524
   735.350   341.923   373.524
   746.956   340.310   373.524
   758.411   338.237   373.524
   769.676   335.702   373.524
   780.715   332.707   373.524
   791.487   329.251   373.524
   801.957   325.335   373.524
   812.086   320.957   373.524
   821.836   316.119   373.524
   831.169   310.820   373.524
   840.047   305.060   373.524
   848.433   298.839   373.524
   856.289   292.158   373.524
   863.576   285.016   373.524
   870.257   277.413   373.524
   876.294   269.349   373.524
   881.649   260.824   373.524
   886.284   251.839   373.524
   890.161   242.393   373.524
   893.242   232.486   373.524
   895.491   222.118   373.524
   896.867   211.289   373.524
   897.334   200.000   373.524
   503.430   200.000   367.489
   503.896   211.070   367.489
   505.267   221.688   367.489
   507.506   231.854   367.489
   510.576   241.569   367.489
   514.438   250.831   367.489
   519.055   259.642   367.489
   524.389   268.001   367.489
   530.403   275.908   367.489
   537.058   283.363   367.489
   544.317   290.367   367.489
   552.142   296.918   367.489
   560.495   303.018   367.489
   569.339   308.666   367.489
   578.636   313.862   367.489
   588.348   318.606   367.489
   598.438   322.899   367.489
   608.867   326.739   367.489
   619.598   330.128   367.489
   630.594   333.065   367.489
   641.815   335.550   367.489
   653.226   337.583   367.489
   664.787   339.165   367.489
   676.462   340.294   367.489
   688.212   340.972   367.489
   700.000   341.198   367.489
   711.788   340.972   367.489
   723.538   340.294   367.489
   735.213   339.165   367.489
   746.774   337.583   367.489
   758.185   335.550   367.489
   769.406   333.065   367.489
   780.402   330.128   367.489
   791.133   326.739   367.489
   801.562   322.899   367.489
   811.652   318.606   367.489
   821.364   313.862   367.489
   830.661   308.666   367.489
   839.505   303.018   367.489
   847.858   296.918   367.489
   855.683   290.367   367.489
   862.942   283.363   367.489
   869.597   275.908   367.489
   875.611   268.001   367.489
   880.945   259.642   367.489
   885.562   250.831   367.489
   889.424   241.569   367.489
   892.494   231.854   367.489
   894.733   221.688   367.489
   896.104   211.070   367.489
   896.570   200.000   367.489
   504.277   200.000   361.596
   504.740   210.855   361.596
   506.106   221.267   361.596
   508.335   231.236   361.596
   511.392   240.762   361.596
   515.237   249.845   361.596
   519.834   258.485   361.596
   525.146   266.681   361.596
   531.133   274.435   361.596
   537.760   281.746   361.596
   544.987   288.613   361.596
   552.779   295.038   361.596
   561.096   301.019   361.596
   569.902   306.557   361.596
   579.159   311.652   361.596
   588.829   316.305   361.596
   598.875   320.514   361.596
   609.260   324.280   361.596
   619.945   327.603   361.596
   630.892   330.483   361.596
   642.066   332.920   361.596
   653.427   334.913   361.596
   664.939   336.464   361.596
   676.563   337.572   361.596
   688.263   338.236   361.596
   700.000   338.458   361.596
   711.737   338.236   361.596
   723.437   337.572   361.596
   735.061   336.464   361.596
   746.573   334.913   361.596
   757.934   332.920   361.596
   769.108   330.483   361.596
   780.055   327.603   361.596
   790.740   324.280   361.596
   801.125   320.514   361.596
   811.171   316.305   361.596
   820.841   311.652   361.596
   830.098   306.557   361.596
   838.904   301.019   361.596
   847.221   295.038   361.596
   855.013   288.613   361.596
   862.240   281.746   361.596
   868.867   274.435   361.596
   874.854   266.681   361.596
   880.166   258.485   361.596
   884.763   249.845   361.596
   888.608   240.762   361.596
   891.665   231.236   361.596
   893.894   221.267   361.596
   895.260   210.855   361.596
   895.723   200.000   361.596
   505.200   200.000   355.840
   505.661   210.645   355.840
   507.020   220.856   355.840
   509.239   230.632   355.840
   512.281   239.974   355.840
   516.109   248.881   355.840
   520.684   257.353   355.840
   525.970   265.392   355.840
   531.930   272.995   355.840
   538.525   280.165   355.840
   545.718   286.899   355.840
   553.473   293.199   355.840
   561.751   299.065   355.840
   570.516   304.496   355.840
   579.729   309.493   355.840
   589.354   314.055   355.840
   599.352   318.183   355.840
   609.688   321.876   355.840
   620.322   325.135   355.840
   631.218   327.959   355.840
   642.339   330.349   355.840
   653.647   332.304   355.840
   665.104   333.825   355.840
   676.674   334.911   355.840
   688.318   335.563   355.840
   700.000   335.780   355.840
   711.682   335.563   355.840
   723.326   334.911   355.840
   734.896   333.825   355.840
   746.353   332.304   355.840
   757.661   330.349   355.840
   768.782   327.959   355.840
   779.678   325.135   355.840
   790.312   321.876   355.840
   800.648   318.183   355.840
   810.646   314.055   355.840
   820.271   309.493   355.840
   829.484   304.496   355.840
   838.249   299.065   355.840
   846.527   293.199   355.840
   854.282   286.899   355.840
   861.475   280.165   355.840
   868.070   272.995   355.840
   874.030   265.392   355.840
   879.316   257.353   355.840
   883.891   248.881   355.840
   887.719   239.974   355.840
   890.761   230.632   355.840
   892.980   220.856   355.840
   894.339   210.645   355.840
   894.800   200.000   355.840
   506.195   200.000   350.219
   506.654   210.440   350.219
   508.006   220.454   350.219
   510.214   230.042   350.219
   513.240   239.204   350.219
   517.048   247.940   350.219
   521.600   256.250   350.219
   526.859   264.133   350.219
   532.788   271.591   350.219
   539.350   278.622   350.219
   546.507   285.227   350.219
   554.222   291.406   350.219
   562.458   297.159   350.219
   571.177   302.485   350.219
   580.343   307.386   350.219
   589.919   311.860   350.219
   599.866   315.908   350.219
   610.149   319.531   350.219
   620.729   322.727   350.219
   631.570   325.496   350.219
   642.634   327.840   350.219
   653.884   329.758   350.219
   665.283   331.249   350.219
   676.793   332.315   350.219
   688.378   332.954   350.219
   700.000   333.167   350.219
   711.622   332.954   350.219
   723.207   332.315   350.219
   734.717   331.249   350.219
   746.116   329.758   350.219
   757.366   327.840   350.219
   768.430   325.496   350.219
   779.271   322.727   350.219
   789.851   319.531   350.219
   800.134   315.908   350.219
   810.081   311.860   350.219
   819.657   307.386   350.219
   828.823   302.485   350.219
   837.542   297.159   350.219
   845.778   291.406   350.219
   853.493   285.227   350.219
   860.650   278.622   350.219
   867.212   271.591   350.219
   873.141   264.133   350.219
   878.400   256.250   350.219
   882.952   247.940   350.219
   886.760   239.204   350.219
   889.786   230.042   350.219
   891.994   220.454   350.219
   893.346   210.440   350.219
   893.805   200.000   350.219
   507.258   200.000   344.728
   507.714   210.241   344.728
   509.059   220.063   344.728
   511.254   229.468   344.728
   514.264   238.455   344.728
   518.051   247.024   344.728
   522.578   255.174   344.728
   527.809   262.907   344.728
   533.705   270.222   344.728
   540.230   277.119   344.728
   547.348   283.598   344.728
   555.021   289.659   344.728
   563.211   295.301   344.728
   571.883   300.526   344.728
   580.999   305.333   344.728
   590.522   309.722   344.728
   600.415   313.693   344.728
   610.642   317.246   344.728
   621.164   320.381   344.728
   631.945   323.098   344.728
   642.948   325.397   344.728
   654.137   327.278   344.728
   665.473   328.740   344.728
   676.920   329.785   344.728
   688.442   330.412   344.728
   700.000   330.621   344.728
   711.558   330.412   344.728
   723.080   329.785   344.728
   734.527   328.740   344.728
   745.863   327.278   344.728
   757.052   325.397   344.728
   768.055   323.098   344.728
   778.836   320.381   344.728
   789.358   317.246   344.728
   799.585   313.693   344.728
   809.478   309.722   344.728
   819.001   305.333   344.728
   828.117   300.526   344.728
   836.789   295.301   344.728
   844.979   289.659   344.728
   852.652   283.598   344.728
   859.770   277.119   344.728
   866.295   270.222   344.728
   872.191   262.907   344.728
   877.422   255.174   344.728
   881.949   247.024   344.728
   885.736   238.455   344.728
   888.746   229.468   344.728
   890.941   220.063   344.728
   892.286   210.241   344.728
   892.742   200.000   344.728
   508.382   200.000   339.366
   508.836   210.047   339.366
   510.173   219.683   339.366
   512.356   228.910   339.366
   515.348   237.726   339.366
   519.113   246.133   339.366
   523.614   254.129   339.366
   528.813   261.715   339.366
   534.675   268.892   339.366
   541.163   275.658   339.366
   548.239   282.014   339.366
   555.867   287.960   339.366
   564.010   293.496   339.366
   572.631   298.622   339.366
   581.694   303.337   339.366
   591.161   307.643   339.366
   600.997   311.539   339.366
   611.163   315.024   339.366
   621.624   318.100   339.366
   632.342   320.765   339.366
   643.281   323.021   339.366
   654.404   324.866   339.366
   665.674   326.301   339.366
   677.055   327.326   339.366
   688.509   327.942   339.366
   700.000   328.147   339.366
   711.491   327.942   339.366
   722.945   327.326   339.366
   734.326   326.301   339.366
   745.596   324.866   339.366
   756.719   323.021   339.366
   767.658   320.765   339.366
   778.376   318.100   339.366
   788.837   315.024   339.366
   799.003   311.539   339.366
   808.839   307.643   339.366
   818.306   303.337   339.366
   827.369   298.622   339.366
   835.990   293.496   339.366
   844.133   287.960   339.366
   851.761   282.014   339.366
   858.837   275.658   339.366
   865.325   268.892   339.366
   871.187   261.715   339.366
   876.386   254.129   339.366
   880.887   246.133   339.366
   884.652   237.726   339.366
   887.644   228.910   339.366
   889.827   219.683   339.366
   891.164   210.047   339.366
   891.618   200.000   339.366
   509.565   200.000   334.127
   510.016   209.858   334.127
   511.344   219.314   334.127
   513.514   228.368   334.127
   516.488   237.019   334.127
   520.229   245.268   334.127
   524.702   253.115   334.127
   529.870   260.559   334.127
   535.696   267.601   334.127
   542.143   274.240   334.127
   549.175   280.477   334.127
   556.756   286.311   334.127
   564.849   291.744   334.127
   573.417   296.773   334.127
   582.424   301.401   334.127
   591.833   305.626   334.127
   601.607   309.449   334.127
   611.711   312.869   334.127
   622.107   315.887   334.127
   632.760   318.502   334.127
   643.631   320.715   334.127
   654.686   322.526   334.127
   665.886   323.934   334.127
   677.197   324.940   334.127
   688.580   325.544   334.127
   700.000   325.745   334.127
   711.420   325.544   334.127
   722.803   324.940   334.127
   734.114   323.934   334.127
   745.314   322.526   334.127
   756.369   320.715   334.127
   767.240   318.502   334.127
   777.893   315.887   334.127
   788.289   312.869   334.127
   798.393   309.449   334.127
   808.167   305.626   334.127
   817.576   301.401   334.127
   826.583   296.773   334.127
   835.151   291.744   334.127
   843.244   286.311   334.127
   850.825   280.477   334.127
   857.857   274.240   334.127
   864.304   267.601   334.127
   870.130   260.559   334.127
   875.298   253.115   334.127
   879.771   245.268   334.127
   883.512   237.019   334.127
   886.486   228.368   334.127
   888.656   219.314   334.127
   889.984   209.858   334.127
   890.435   200.000   334.127
   510.800   200.000   329.010
   511.248   209.676   329.010
   512.568   218.957   329.010
   514.723   227.844   329.010
   517.678   236.335   329.010
   521.395   244.431   329.010
   525.839   252.133   329.010
   530.973   259.439   329.010
   536.761   266.351   329.010
   543.167   272.867   329.010
   550.154   278.989   329.010
   557.685   284.715   329.010
   565.726   290.047   329.010
   574.238   294.984   329.010
   583.186   299.526   329.010
   592.534   303.673   329.010
   602.246   307.425   329.010
   612.284   310.782   329.010
   622.613   313.744   329.010
   633.196   316.311   329.010
   643.997   318.483   329.010
   654.979   320.260   329.010
   666.107   321.643   329.010
   677.344   322.630   329.010
   688.654   323.223   329.010
   700.000   323.420   329.010
   711.346   323.223   329.010
   722.656   322.630   329.010
   733.893   321.643   329.010
   745.021   320.260   329.010
   756.003   318.483   329.010
   766.804   316.311   329.010
   777.387   313.744   329.010
   787.716   310.782   329.010
   797.754   307.425   329.010
   807.466   303.673   329.010
   816.814   299.526   329.010
   825.762   294.984   329.010
   834.274   290.047   329.010
   842.315   284.715   329.010
   849.846   278.989   329.010
   856.833   272.867   329.010
   863.239   266.351   329.010
   869.027   259.439   329.010
   874.161   252.133   329.010
   878.605   244.431   329.010
   882.322   236.335   329.010
   885.277   227.844   329.010
   887.432   218.957   329.010
   888.752   209.676   329.010
   889.200   200.000   329.010
   512.083   200.000   324.010
   512.528   209.500   324.010
   513.839   218.612   324.010
   515.980   227.337   324.010
   518.914   235.674   324.010
   522.607   243.623   324.010
   527.020   251.184   324.010
   532.120   258.357   324.010
   537.868   265.143   324.010
   544.231   271.541   324.010
   551.170   277.551   324.010
   558.650   283.174   324.010
   566.636   288.409   324.010
   575.091   293.256   324.010
   583.979   297.715   324.010
   593.263   301.786   324.010
   602.909   305.470   324.010
   612.879   308.766   324.010
   623.138   311.674   324.010
   633.649   314.194   324.010
   644.377   316.327   324.010
   655.285   318.072   324.010
   666.337   319.429   324.010
   677.498   320.399   324.010
   688.731   320.980   324.010
   700.000   321.174   324.010
   711.269   320.980   324.010
   722.502   320.399   324.010
   733.663   319.429   324.010
   744.715   318.072   324.010
   755.623   316.327   324.010
   766.351   314.194   324.010
   776.862   311.674   324.010
   787.121   308.766   324.010
   797.091   305.470   324.010
   806.737   301.786   324.010
   816.021   297.715   324.010
   824.909   293.256   324.010
   833.364   288.409   324.010
   841.350   283.174   324.010
   848.830   277.551   324.010
   855.769   271.541   324.010
   862.132   265.143   324.010
   867.880   258.357   324.010
   872.980   251.184   324.010
   877.393   243.623   324.010
   881.086   235.674   324.010
   884.020   227.337   324.010
   886.161   218.612   324.010
   887.472   209.500   324.010
   887.917   200.000   324.010
   513.410   200.000   319.125
   513.851   209.330   319.125
   515.153   218.280   319.125
   517.279   226.849   319.125
   520.193   235.037   319.125
   523.859   242.844   319.125
   528.241   250.270   319.125
   533.305   257.315   319.125
   539.013   263.980   319.125
   545.330   270.264   319.125
   552.220   276.167   319.125
   559.648   281.689   319.125
   567.578   286.830   319.125
   575.973   291.590   319.125
   584.798   295.970   319.125
   594.017   299.969   319.125
   603.594   303.587   319.125
   613.494   306.824   319.125
   623.680   309.680   319.125
   634.117   312.155   319.125
   644.769   314.250   319.125
   655.600   315.964   319.125
   666.575   317.296   319.125
   677.657   318.249   319.125
   688.811   318.820   319.125
   700.000   319.010   319.125
   711.189   318.820   319.125
   722.343   318.249   319.125
   733.425   317.296   319.125
   744.400   315.964   319.125
   755.231   314.250   319.125
   765.883   312.155   319.125
   776.320   309.680   319.125
   786.506   306.824   319.125
   796.406   303.587   319.125
   805.983   299.969   319.125
   815.202   295.970   319.125
   824.027   291.590   319.125
   832.422   286.830   319.125
   840.352   281.689   319.125
   847.780   276.167   319.125
   854.670   270.264   319.125
   860.987   263.980   319.125
   866.695   257.315   319.125
   871.759   250.270   319.125
   876.141   242.844   319.125
   879.807   235.037   319.125
   882.721   226.849   319.125
   884.847   218.280   319.125
   886.149   209.330   319.125
   886.590   200.000   319.125
   514.774   200.000   314.350
   515.213   209.167   314.350
   516.505   217.961   314.350
   518.615   226.380   314.350
   521.508   234.425   314.350
   525.147   242.095   314.350
   529.498   249.392   314.350
   534.524   256.314   314.350
   540.190   262.862   314.350
   546.461   269.036   314.350
   553.301   274.836   314.350
   560.675   280.262   314.350
   568.546   285.313   314.350
   576.880   289.990   314.350
   585.640   294.293   314.350
   594.792   298.222   314.350
   604.299   301.777   314.350
   614.126   304.958   314.350
   624.238   307.764   314.350
   634.599   310.196   314.350
   645.173   312.254   314.350
   655.925   313.938   314.350
   666.819   315.248   314.350
   677.820   316.183   314.350
   688.892   316.744   314.350
   700.000   316.931   314.350
   711.108   316.744   314.350
   722.180   316.183   314.350
   733.181   315.248   314.350
   744.075   313.938   314.350
   754.827   312.254   314.350
   765.401   310.196   314.350
   775.762   307.764   314.350
   785.874   304.958   314.350
   795.701   301.777   314.350
   805.208   298.222   314.350
   814.360   294.293   314.350
   823.120   289.990   314.350
   831.454   285.313   314.350
   839.325   280.262   314.350
   846.699   274.836   314.350
   853.539   269.036   314.350
   859.810   262.862   314.350
   865.476   256.314   314.350
   870.502   249.392   314.350
   874.853   242.095   314.350
   878.492   234.425   314.350
   881.385   226.380   314.350
   883.495   217.961   314.350
   884.787   209.167   314.350
   885.226   200.000   314.350
   516.173   200.000   309.683
   516.608   209.011   309.683
   517.890   217.655   309.683
   519.985   225.931   309.683
   522.855   233.838   309.683
   526.467   241.379   309.683
   530.785   248.551   309.683
   535.773   255.355   309.683
   541.397   261.792   309.683
   547.620   267.861   309.683
   554.409   273.562   309.683
   561.727   278.895   309.683
   569.539   283.860   309.683
   577.809   288.458   309.683
   586.504   292.688   309.683
   595.586   296.550   309.683
   605.022   300.044   309.683
   614.775   303.170   309.683
   624.810   305.929   309.683
   635.093   308.320   309.683
   645.587   310.343   309.683
   656.258   311.998   309.683
   667.070   313.285   309.683
   677.988   314.205   309.683
   688.976   314.756   309.683
   700.000   314.940   309.683
   711.024   314.756   309.683
   722.012   314.205   309.683
   732.930   313.285   309.683
   743.742   311.998   309.683
   754.413   310.343   309.683
   764.907   308.320   309.683
   775.190   305.929   309.683
   785.225   303.170   309.683
   794.978   300.044   309.683
   804.414   296.550   309.683
   813.496   292.688   309.683
   822.191   288.458   309.683
   830.461   283.860   309.683
   838.273   278.895   309.683
   845.591   273.562   309.683
   852.380   267.861   309.683
   858.603   261.792   309.683
   864.227   255.355   309.683
   869.215   248.551   309.683
   873.533   241.379   309.683
   877.145   233.838   309.683
   880.015   225.931   309.683
   882.110   217.655   309.683
   883.392   209.011   309.683
   883.827   200.000   309.683
   517.600   200.000   305.120
   518.032   208.862   305.120
   519.304   217.363   305.120
   521.382   225.502   305.120
   524.231   233.279   305.120
   527.814   240.694   305.120
   532.099   247.748   305.120
   537.048   254.440   305.120
   542.628   260.770   305.120
   548.804   266.739   305.120
   555.539   272.346   305.120
   562.800   277.591   305.120
   570.551   282.474   305.120
   578.758   286.996   305.120
   587.385   291.155   305.120
   596.397   294.954   305.120
   605.759   298.390   305.120
   615.436   301.465   305.120
   625.394   304.178   305.120
   635.597   306.529   305.120
   646.010   308.518   305.120
   656.598   310.146   305.120
   667.326   311.412   305.120
   678.159   312.317   305.120
   689.062   312.859   305.120
   700.000   313.040   305.120
   710.938   312.859   305.120
   721.841   312.317   305.120
   732.674   311.412   305.120
   743.402   310.146   305.120
   753.990   308.518   305.120
   764.403   306.529   305.120
   774.606   304.178   305.120
   784.564   301.465   305.120
   794.241   298.390   305.120
   803.603   294.954   305.120
   812.615   291.155   305.120
   821.242   286.996   305.120
   829.449   282.474   305.120
   837.200   277.591   305.120
   844.461   272.346   305.120
   851.196   266.739   305.120
   857.372   260.770   305.120
   862.952   254.440   305.120
   867.901   247.748   305.120
   872.186   240.694   305.120
   875.769   233.279   305.120
   878.618   225.502   305.120
   880.696   217.363   305.120
   881.968   208.862   305.120
   882.400   200.000   305.120
   519.051   200.000   300.658
   519.480   208.721   300.658
   520.742   217.085   300.658
   522.803   225.094   300.658
   525.629   232.747   300.658
   529.184   240.044   300.658
   533.434   246.985   300.658
   538.345   253.570   300.658
   543.880   259.799   300.658
   550.006   265.672   300.658
   556.689   271.189   300.658
   563.892   276.351   300.658
   571.581   281.156   300.658
   579.723   285.605   300.658
   588.281   289.699   300.658
   597.221   293.436   300.658
   606.509   296.817   300.658
   616.109   299.843   300.658
   625.988   302.513   300.658
   636.109   304.826   300.658
   646.439   306.784   300.658
   656.943   308.386   300.658
   667.586   309.632   300.658
   678.332   310.521   300.658
   689.149   311.055   300.658
   700.000   311.233   300.658
   710.851   311.055   300.658
   721.668   310.521   300.658
   732.414   309.632   300.658
   743.057   308.386   300.658
   753.561   306.784   300.658
   763.891   304.826   300.658
   774.012   302.513   300.658
   783.891   299.843   300.658
   793.491   296.817   300.658
   802.779   293.436   300.658
   811.719   289.699   300.658
   820.277   285.605   300.658
   828.419   281.156   300.658
   836.108   276.351   300.658
   843.311   271.189   300.658
   849.994   265.672   300.658
   856.120   259.799   300.658
   861.655   253.570   300.658
   866.566   246.985   300.658
   870.816   240.044   300.658
   874.371   232.747   300.658
   877.197   225.094   300.658
   879.258   217.085   300.658
   880.520   208.721   300.658
   880.949   200.000   300.658
   520.522   200.000   296.293
   520.947   208.587   296.293
   522.199   216.823   296.293
   524.243   224.708   296.293
   527.046   232.244   296.293
   530.572   239.428   296.293
   534.788   246.263   296.293
   539.658   252.746   296.293
   545.149   258.880   296.293
   551.225   264.662   296.293
   557.853   270.095   296.293
   564.998   275.177   296.293
   572.625   279.908   296.293
   580.700   284.289   296.293
   589.189   288.319   296.293
   598.056   291.999   296.293
   607.269   295.329   296.293
   616.791   298.308   296.293
   626.589   300.936   296.293
   636.628   303.215   296.293
   646.874   305.142   296.293
   657.293   306.719   296.293
   667.849   307.946   296.293
   678.509   308.822   296.293
   689.237   309.348   296.293
   700.000   309.523   296.293
   710.763   309.348   296.293
   721.491   308.822   296.293
   732.151   307.946   296.293
   742.707   306.719   296.293
   753.126   305.142   296.293
   763.372   303.215   296.293
   773.411   300.936   296.293
   783.209   298.308   296.293
   792.731   295.329   296.293
   801.944   291.999   296.293
   810.811   288.319   296.293
   819.300   284.289   296.293
   827.375   279.908   296.293
   835.002   275.177   296.293
   842.147   270.095   296.293
   848.775   264.662   296.293
   854.851   258.880   296.293
   860.342   252.746   296.293
   865.212   246.263   296.293
   869.428   239.428   296.293
   872.954   232.244   296.293
   875.757   224.708   296.293
   877.801   216.823   296.293
   879.053   208.587   296.293
   879.478   200.000   296.293
   522.006   200.000   292.022
   522.428   208.460   292.022
   523.670   216.575   292.022
   525.697   224.345   292.022
   528.477   231.769   292.022
   531.974   238.848   292.022
   536.155   245.582   292.022
   540.985   251.970   292.022
   546.430   258.014   292.022
   552.456   263.711   292.022
   559.029   269.064   292.022
   566.115   274.071   292.022
   573.679   278.733   292.022
   581.687   283.049   292.022
   590.105   287.020   292.022
   598.900   290.646   292.022
   608.036   293.927   292.022
   617.479   296.862   292.022
   627.196   299.452   292.022
   637.153   301.696   292.022
   647.314   303.596   292.022
   657.646   305.150   292.022
   668.115   306.358   292.022
   678.686   307.222   292.022
   689.326   307.740   292.022
   700.000   307.912   292.022
   710.674   307.740   292.022
   721.314   307.222   292.022
   731.885   306.358   292.022
   742.354   305.150   292.022
   752.686   303.596   292.022
   762.847   301.696   292.022
   772.804   299.452   292.022
   782.521   296.862   292.022
   791.964   293.927   292.022
   801.100   290.646   292.022
   809.895   287.020   292.022
   818.313   283.049   292.022
   826.321   278.733   292.022
   833.885   274.071   292.022
   840.971   269.064   292.022
   847.544   263.711   292.022
   853.570   258.014   292.022
   859.015   251.970   292.022
   863.845   245.582   292.022
   868.026   238.848   292.022
   871.523   231.769   292.022
   874.303   224.345   292.022
   876.330   216.575   292.022
   877.572   208.460   292.022
   877.994   200.000   292.022
   523.501   200.000   287.843
   523.919   208.342   287.843
   525.150   216.344   287.843
   527.161   224.005   287.843
   529.917   231.325   287.843
   533.385   238.305   287.843
   537.530   244.945   287.843
   542.320   251.244   287.843
   547.719   257.203   287.843
   553.695   262.821   287.843
   560.213   268.098   287.843
   567.239   273.035   287.843
   574.739   277.632   287.843
   582.680   281.888   287.843
   591.028   285.804   287.843
   599.748   289.379   287.843
   608.808   292.614   287.843
   618.172   295.508   287.843
   627.808   298.061   287.843
   637.680   300.275   287.843
   647.756   302.147   287.843
   658.002   303.680   287.843
   668.383   304.871   287.843
   678.865   305.723   287.843
   689.416   306.233   287.843
   700.000   306.404   287.843
   710.584   306.233   287.843
   721.135   305.723   287.843
   731.617   304.871   287.843
   741.998   303.680   287.843
   752.244   302.147   287.843
   762.320   300.275   287.843
   772.192   298.061   287.843
   781.828   295.508   287.843
   791.192   292.614   287.843
   800.252   289.379   287.843
   808.972   285.804   287.843
   817.320   281.888   287.843
   825.261   277.632   287.843
   832.761   273.035   287.843
   839.787   268.098   287.843
   846.305   262.821   287.843
   852.281   257.203   287.843
   857.680   251.244   287.843
   862.470   244.945   287.843
   866.615   238.305   287.843
   870.083   231.325   287.843
   872.839   224.005   287.843
   874.850   216.344   287.843
   876.081   208.342   287.843
   876.499   200.000   287.843
   525.000   200.000   283.750
   525.414   208.232   283.750
   526.635   216.128   283.750
   528.629   223.688   283.750
   531.362   230.912   283.750
   534.800   237.800   283.750
   538.910   244.352   283.750
   543.659   250.568   283.750
   549.013   256.448   283.750
   554.938   261.992   283.750
   561.400   267.200   283.750
   568.366   272.072   283.750
   575.803   276.608   283.750
   583.677   280.808   283.750
   591.954   284.672   283.750
   600.600   288.200   283.750
   609.582   291.392   283.750
   618.867   294.248   283.750
   628.421   296.768   283.750
   638.210   298.952   283.750
   648.200   300.800   283.750
   658.358   302.312   283.750
   668.651   303.488   283.750
   679.045   304.328   283.750
   689.506   304.832   283.750
   700.000   305.000   283.750
   710.494   304.832   283.750
   720.955   304.328   283.750
   731.349   303.488   283.750
   741.642   302.312   283.750
   751.800   300.800   283.750
   761.790   298.952   283.750
   771.579   296.768   283.750
   781.133   294.248   283.750
   790.418   291.392   283.750
   799.400   288.200   283.750
   808.046   284.672   283.750
   816.323   280.808   283.750
   824.197   276.608   283.750
   831.634   272.072   283.750
   838.600   267.200   283.750
   845.062   261.992   283.750
   850.987   256.448   283.750
   856.341   250.568   283.750
   861.090   244.352   283.750
   865.200   237.800   283.750
   868.638   230.912   283.750
   871.371   223.688   283.750
   873.365   216.128   283.750
   874.586   208.232   283.750
   875.000   200.000   283.750
   526.499   200.000   279.741
   526.910   208.130   279.741
   528.120   215.929   279.741
   530.097   223.396   279.741
   532.806   230.531   279.741
   536.215   237.334   279.741
   540.290   243.805   279.741
   544.999   249.944   279.741
   550.306   255.752   279.741
   556.180   261.227   279.741
   562.587   266.371   279.741
   569.494   271.183   279.741
   576.867   275.663   279.741
   584.673   279.811   279.741
   592.879   283.627   279.741
   601.452   287.112   279.741
   610.357   290.264   279.741
   619.562   293.085   279.741
   629.034   295.574   279.741
   638.739   297.731   279.741
   648.644   299.556   279.741
   658.715   301.050   279.741
   668.920   302.211   279.741
   679.224   303.041   279.741
   689.596   303.539   279.741
   700.000   303.704   279.741
   710.404   303.539   279.741
   720.776   303.041   279.741
   731.080   302.211   279.741
   741.285   301.050   279.741
   751.356   299.556   279.741
   761.261   297.731   279.741
   770.966   295.574   279.741
   780.438   293.085   279.741
   789.643   290.264   279.741
   798.548   287.112   279.741
   807.121   283.627   279.741
   815.327   279.811   279.741
   823.133   275.663   279.741
   830.506   271.183   279.741
   837.413   266.371   279.741
   843.820   261.227   279.741
   849.694   255.752   279.741
   855.001   249.944   279.741
   859.710   243.805   279.741
   863.785   237.334   279.741
   867.194   230.531   279.741
   869.903   223.396   279.741
   871.880   215.929   279.741
   873.090   208.130   279.741
   873.501   200.000   279.741
   527.994   200.000   275.814
   528.401   208.038   275.814
   529.601   215.747   275.814
   531.560   223.128   275.814
   534.246   230.182   275.814
   537.626   236.907   275.814
   541.666   243.304   275.814
   546.334   249.374   275.814
   551.596   255.115   275.814
   557.419   260.528   275.814
   563.771   265.613   275.814
   570.618   270.370   275.814
   577.928   274.798   275.814
   585.667   278.899   275.814
   593.802   282.672   275.814
   602.300   286.117   275.814
   611.129   289.233   275.814
   620.255   292.022   275.814
   629.645   294.482   275.814
   639.267   296.615   275.814
   649.086   298.419   275.814
   659.071   299.895   275.814
   669.187   301.044   275.814
   679.403   301.864   275.814
   689.685   302.356   275.814
   700.000   302.520   275.814
   710.315   302.356   275.814
   720.597   301.864   275.814
   730.813   301.044   275.814
   740.929   299.895   275.814
   750.914   298.419   275.814
   760.733   296.615   275.814
   770.355   294.482   275.814
   779.745   292.022   275.814
   788.871   289.233   275.814
   797.700   286.117   275.814
   806.198   282.672   275.814
   814.333   278.899   275.814
   822.072   274.798   275.814
   829.382   270.370   275.814
   836.229   265.613   275.814
   842.581   260.528   275.814
   848.404   255.115   275.814
   853.666   249.374   275.814
   858.334   243.304   275.814
   862.374   236.907   275.814
   865.754   230.182   275.814
   868.440   223.128   275.814
   870.399   215.747   275.814
   871.599   208.038   275.814
   872.006   200.000   275.814
   529.478   200.000   271.963
   529.882   207.954   271.963
   531.072   215.583   271.963
   533.014   222.887   271.963
   535.677   229.867   271.963
   539.028   236.522   271.963
   543.033   242.852   271.963
   547.660   248.858   271.963
   552.877   254.539   271.963
   558.650   259.895   271.963
   564.947   264.927   271.963
   571.735   269.635   271.963
   578.982   274.017   271.963
   586.654   278.075   271.963
   594.719   281.808   271.963
   603.144   285.217   271.963
   611.896   288.301   271.963
   620.943   291.061   271.963
   630.253   293.495   271.963
   639.791   295.605   271.963
   649.526   297.391   271.963
   659.424   298.852   271.963
   669.453   299.988   271.963
   679.581   300.800   271.963
   689.774   301.287   271.963
   700.000   301.449   271.963
   710.226   301.287   271.963
   720.419   300.800   271.963
   730.547   299.988   271.963
   740.576   298.852   271.963
   750.474   297.391   271.963
   760.209   295.605   271.963
   769.747   293.495   271.963
   779.057   291.061   271.963
   788.104   288.301   271.963
   796.856   285.217   271.963
   805.281   281.808   271.963
   813.346   278.075   271.963
   821.018   274.017   271.963
   828.265   269.635   271.963
   835.053   264.927   271.963
   841.350   259.895   271.963
   847.123   254.539   271.963
   852.340   248.858   271.963
   856.967   242.852   271.963
   860.972   236.522   271.963
   864.323   229.867   271.963
   866.986   222.887   271.963
   868.928   215.583   271.963
   870.118   207.954   271.963
   870.522   200.000   271.963
   530.949   200.000   268.186
   531.349   207.879   268.186
   532.528   215.436   268.186
   534.454   222.672   268.186
   537.094   229.586   268.186
   540.416   236.178   268.186
   544.386   242.449   268.186
   548.974   248.398   268.186
   554.145   254.026   268.186
   559.869   259.332   268.186
   566.111   264.317   268.186
   572.841   268.980   268.186
   580.025   273.321   268.186
   587.631   277.341   268.186
   595.626   281.039   268.186
   603.979   284.416   268.186
   612.656   287.471   268.186
   621.625   290.204   268.186
   630.854   292.616   268.186
   640.310   294.706   268.186
   649.961   296.475   268.186
   659.774   297.922   268.186
   669.717   299.048   268.186
   679.757   299.852   268.186
   689.862   300.334   268.186
   700.000   300.495   268.186
   710.138   300.334   268.186
   720.243   299.852   268.186
   730.283   299.048   268.186
   740.226   297.922   268.186
   750.039   296.475   268.186
   759.690   294.706   268.186
   769.146   292.616   268.186
   778.375   290.204   268.186
   787.344   287.471   268.186
   796.021   284.416   268.186
   804.374   281.039   268.186
   812.369   277.341   268.186
   819.975   273.321   268.186
   827.159   268.980   268.186
   833.889   264.317   268.186
   840.131   259.332   268.186
   845.855   254.026   268.186
   851.026   248.398   268.186
   855.614   242.449   268.186
   859.584   236.178   268.186
   862.906   229.586   268.186
   865.546   222.672   268.186
   867.472   215.436   268.186
   868.651   207.879   268.186
   869.051   200.000   268.186
   532.400   200.000   264.480
   532.797   207.813   264.480
   533.966   215.308   264.480
   535.875   222.483   264.480
   538.493   229.340   264.480
   541.786   235.878   264.480
   545.722   242.096   264.480
   550.270   247.996   264.480
   555.397   253.577   264.480
   561.072   258.839   264.480
   567.261   263.782   264.480
   573.933   268.407   264.480
   581.055   272.712   264.480
   588.596   276.698   264.480
   596.522   280.366   264.480
   604.803   283.714   264.480
   613.406   286.744   264.480
   622.298   289.455   264.480
   631.448   291.847   264.480
   640.822   293.920   264.480
   650.390   295.674   264.480
   660.119   297.109   264.480
   669.977   298.225   264.480
   679.931   299.022   264.480
   689.949   299.501   264.480
   700.000   299.660   264.480
   710.051   299.501   264.480
   720.069   299.022   264.480
   730.023   298.225   264.480
   739.881   297.109   264.480
   749.610   295.674   264.480
   759.178   293.920   264.480
   768.552   291.847   264.480
   777.702   289.455   264.480
   786.594   286.744   264.480
   795.197   283.714   264.480
   803.478   280.366   264.480
   811.404   276.698   264.480
   818.945   272.712   264.480
   826.067   268.407   264.480
   832.739   263.782   264.480
   838.928   258.839   264.480
   844.603   253.577   264.480
   849.730   247.996   264.480
   854.278   242.096   264.480
   858.214   235.878   264.480
   861.507   229.340   264.480
   864.125   222.483   264.480
   866.034   215.308   264.480
   867.203   207.813   264.480
   867.600   200.000   264.480
   533.827   200.000   260.841
   534.221   207.757   260.841
   535.380   215.198   260.841
   537.273   222.323   260.841
   539.868   229.130   260.841
   543.133   235.621   260.841
   547.036   241.796   260.841
   551.545   247.653   260.841
   556.629   253.194   260.841
   562.255   258.419   260.841
   568.391   263.327   260.841
   575.006   267.918   260.841
   582.068   272.192   260.841
   589.544   276.150   260.841
   597.404   279.791   260.841
   605.614   283.116   260.841
   614.143   286.124   260.841
   622.960   288.815   260.841
   632.031   291.190   260.841
   641.326   293.248   260.841
   650.813   294.990   260.841
   660.459   296.415   260.841
   670.232   297.523   260.841
   680.102   298.314   260.841
   690.035   298.789   260.841
   700.000   298.948   260.841
   709.965   298.789   260.841
   719.898   298.314   260.841
   729.768   297.523   260.841
   739.541   296.415   260.841
   749.187   294.990   260.841
   758.674   293.248   260.841
   767.969   291.190   260.841
   777.040   288.815   260.841
   785.857   286.124   260.841
   794.386   283.116   260.841
   802.596   279.791   260.841
   810.456   276.150   260.841
   817.932   272.192   260.841
   824.994   267.918   260.841
   831.609   263.327   260.841
   837.745   258.419   260.841
   843.371   253.194   260.841
   848.455   247.653   260.841
   852.964   241.796   260.841
   856.867   235.621   260.841
   860.132   229.130   260.841
   862.727   222.323   260.841
   864.620   215.198   260.841
   865.779   207.757   260.841
   866.173   200.000   260.841
   535.226   200.000   257.266
   535.616   207.711   257.266
   536.765   215.108   257.266
   538.642   222.190   257.266
   541.215   228.957   257.266
   544.453   235.410   257.266
   548.323   241.548   257.266
   552.795   247.370   257.266
   557.835   252.879   257.266
   563.414   258.072   257.266
   569.499   262.951   257.266
   576.058   267.515   257.266
   583.060   271.764   257.266
   590.474   275.698   257.266
   598.267   279.318   257.266
   606.408   282.623   257.266
   614.866   285.613   257.266
   623.608   288.289   257.266
   632.603   290.649   257.266
   641.820   292.695   257.266
   651.227   294.426   257.266
   660.792   295.843   257.266
   670.483   296.944   257.266
   680.269   297.731   257.266
   690.119   298.203   257.266
   700.000   298.361   257.266
   709.881   298.203   257.266
   719.731   297.731   257.266
   729.517   296.944   257.266
   739.208   295.843   257.266
   748.773   294.426   257.266
   758.180   292.695   257.266
   767.397   290.649   257.266
   776.392   288.289   257.266
   785.134   285.613   257.266
   793.592   282.623   257.266
   801.733   279.318   257.266
   809.526   275.698   257.266
   816.940   271.764   257.266
   823.942   267.515   257.266
   830.501   262.951   257.266
   836.586   258.072   257.266
   842.165   252.879   257.266
   847.205   247.370   257.266
   851.677   241.548   257.266
   855.547   235.410   257.266
   858.785   228.957   257.266
   861.358   222.190   257.266
   863.235   215.108   257.266
   864.384   207.711   257.266
   864.774   200.000   257.266
   536.590   200.000   253.751
   536.977   207.675   253.751
   538.117   215.038   253.751
   539.979   222.087   253.751
   542.531   228.822   253.751
   545.741   235.245   253.751
   549.580   241.354   253.751
   554.014   247.149   253.751
   559.013   252.632   253.751
   564.545   257.801   253.751
   570.580   262.657   253.751
   577.085   267.200   253.751
   584.029   271.429   253.751
   591.381   275.345   253.751
   599.110   278.948   253.751
   607.183   282.237   253.751
   615.571   285.214   253.751
   624.241   287.877   253.751
   633.162   290.226   253.751
   642.302   292.263   253.751
   651.631   293.986   253.751
   661.116   295.395   253.751
   670.727   296.492   253.751
   680.433   297.275   253.751
   690.201   297.745   253.751
   700.000   297.902   253.751
   709.799   297.745   253.751
   719.567   297.275   253.751
   729.273   296.492   253.751
   738.884   295.395   253.751
   748.369   293.986   253.751
   757.698   292.263   253.751
   766.838   290.226   253.751
   775.759   287.877   253.751
   784.429   285.214   253.751
   792.817   282.237   253.751
   800.890   278.948   253.751
   808.619   275.345   253.751
   815.971   271.429   253.751
   822.915   267.200   253.751
   829.420   262.657   253.751
   835.455   257.801   253.751
   840.987   252.632   253.751
   845.986   247.149   253.751
   850.420   241.354   253.751
   854.259   235.245   253.751
   857.469   228.822   253.751
   860.021   222.087   253.751
   861.883   215.038   253.751
   863.023   207.675   253.751
   863.410   200.000   253.751
   537.917   200.000   250.294
   538.301   207.650   250.294
   539.431   214.987   250.294
   541.278   222.013   250.294
   543.809   228.726   250.294
   546.993   235.127   250.294
   550.800   241.215   250.294
   555.199   246.992   250.294
   560.157   252.456   250.294
   565.645   257.608   250.294
   571.630   262.447   250.294
   578.082   266.975   250.294
   584.970   271.190   250.294
   592.263   275.093   250.294
   599.929   278.684   250.294
   607.937   281.962   250.294
   616.256   284.928   250.294
   624.856   287.582   250.294
   633.704   289.924   250.294
   642.770   291.954   250.294
   652.023   293.671   250.294
   661.432   295.076   250.294
   670.965   296.169   250.294
   680.592   296.949   250.294
   690.280   297.418   250.294
   700.000   297.574   250.294
   709.720   297.418   250.294
   719.408   296.949   250.294
   729.035   296.169   250.294
   738.568   295.076   250.294
   747.977   293.671   250.294
   757.230   291.954   250.294
   766.296   289.924   250.294
   775.144   287.582   250.294
   783.744   284.928   250.294
   792.063   281.962   250.294
   800.071   278.684   250.294
   807.737   275.093   250.294
   815.030   271.190   250.294
   821.918   266.975   250.294
   828.370   262.447   250.294
   834.355   257.608   250.294
   839.843   252.456   250.294
   844.801   246.992   250.294
   849.200   241.215   250.294
   853.007   235.127   250.294
   856.191   228.726   250.294
   858.722   222.013   250.294
   860.569   214.987   250.294
   861.699   207.650   250.294
   862.083   200.000   250.294
   539.200   200.000   246.890
   539.581   207.635   246.890
   540.703   214.958   246.890
   542.534   221.969   246.890
   545.045   228.669   246.890
   548.205   235.057   246.890
   551.982   241.133   246.890
   556.345   246.898   246.890
   561.264   252.351   246.890
   566.708   257.493   246.890
   572.646   262.323   246.890
   579.048   266.842   246.890
   585.881   271.048   246.890
   593.116   274.944   246.890
   600.721   278.527   246.890
   608.666   281.799   246.890
   616.919   284.760   246.890
   625.451   287.408   246.890
   634.229   289.745   246.890
   643.223   291.771   246.890
   652.403   293.485   246.890
   661.737   294.887   246.890
   671.195   295.978   246.890
   680.745   296.757   246.890
   690.357   297.224   246.890
   700.000   297.380   246.890
   709.643   297.224   246.890
   719.255   296.757   246.890
   728.805   295.978   246.890
   738.263   294.887   246.890
   747.597   293.485   246.890
   756.777   291.771   246.890
   765.771   289.745   246.890
   774.549   287.408   246.890
   783.081   284.760   246.890
   791.334   281.799   246.890
   799.279   278.527   246.890
   806.884   274.944   246.890
   814.119   271.048   246.890
   820.952   266.842   246.890
   827.354   262.323   246.890
   833.292   257.493   246.890
   838.736   252.351   246.890
   843.655   246.898   246.890
   848.018   241.133   246.890
   851.795   235.057   246.890
   854.955   228.669   246.890
   857.466   221.969   246.890
   859.297   214.958   246.890
   860.419   207.635   246.890
   860.800   200.000   246.890
   540.435   200.000   243.537
   540.813   207.630   243.537
   541.926   214.949   243.537
   543.744   221.956   243.537
   546.236   228.652   243.537
   549.371   235.036   243.537
   553.119   241.109   243.537
   557.449   246.871   243.537
   562.330   252.321   243.537
   567.732   257.459   243.537
   573.625   262.287   243.537
   579.977   266.802   243.537
   586.757   271.007   243.537
   593.937   274.900   243.537
   601.483   278.481   243.537
   609.367   281.751   243.537
   617.557   284.710   243.537
   626.023   287.357   243.537
   634.734   289.693   243.537
   643.660   291.717   243.537
   652.769   293.430   243.537
   662.031   294.831   243.537
   671.416   295.921   243.537
   680.893   296.700   243.537
   690.431   297.167   243.537
   700.000   297.323   243.537
   709.569   297.167   243.537
   719.107   296.700   243.537
   728.584   295.921   243.537
   737.969   294.831   243.537
   747.231   293.430   243.537
   756.340   291.717   243.537
   765.266   289.693   243.537
   773.977   287.357   243.537
   782.443   284.710   243.537
   790.633   281.751   243.537
   798.517   278.481   243.537
   806.063   274.900   243.537
   813.243   271.007   243.537
   820.023   266.802   243.537
   826.375   262.287   243.537
   832.268   257.459   243.537
   837.670   252.321   243.537
   842.551   246.871   243.537
   846.881   241.109   243.537
   850.629   235.036   243.537
   853.764   228.652   243.537
   856.256   221.956   243.537
   858.074   214.949   243.537
   859.187   207.630   243.537
   859.565   200.000   243.537
   541.618   200.000   240.230
   541.993   207.637   240.230
   543.098   214.961   240.230
   544.902   221.975   240.230
   547.375   228.676   240.230
   550.487   235.066   240.230
   554.207   241.144   240.230
   558.505   246.910   240.230
   563.350   252.365   240.230
   568.712   257.508   240.230
   574.561   262.339   240.230
   580.866   266.859   240.230
   587.597   271.067   240.230
   594.723   274.963   240.230
   602.213   278.548   240.230
   610.039   281.821   240.230
   618.168   284.782   240.230
   626.571   287.431   240.230
   635.218   289.769   240.230
   644.077   291.795   240.230
   653.119   293.509   240.230
   662.313   294.912   240.230
   671.628   296.003   240.230
   681.035   296.782   240.230
   690.502   297.250   240.230
   700.000   297.405   240.230
   709.498   297.250   240.230
   718.965   296.782   240.230
   728.372   296.003   240.230
   737.687   294.912   240.230
   746.881   293.509   240.230
   755.923   291.795   240.230
   764.782   289.769   240.230
   773.429   287.431   240.230
   781.832   284.782   240.230
   789.961   281.821   240.230
   797.787   278.548   240.230
   805.277   274.963   240.230
   812.403   271.067   240.230
   819.134   266.859   240.230
   825.439   262.339   240.230
   831.288   257.508   240.230
   836.650   252.365   240.230
   841.495   246.910   240.230
   845.793   241.144   240.230
   849.513   235.066   240.230
   852.625   228.676   240.230
   855.098   221.975   240.230
   856.902   214.961   240.230
   858.007   207.637   240.230
   858.382   200.000   240.230
   542.742   200.000   236.968
   543.115   207.654   236.968
   544.212   214.996   236.968
   546.003   222.025   236.968
   548.459   228.742   236.968
   551.549   235.147   236.968
   555.242   241.239   236.968
   559.510   247.019   236.968
   564.321   252.486   236.968
   569.645   257.641   236.968
   575.452   262.484   236.968
   581.712   267.014   236.968
   588.395   271.231   236.968
   595.470   275.136   236.968
   602.908   278.729   236.968
   610.678   282.010   236.968
   618.749   284.978   236.968
   627.093   287.633   236.968
   635.678   289.976   236.968
   644.474   292.007   236.968
   653.452   293.725   236.968
   662.580   295.131   236.968
   671.830   296.225   236.968
   681.169   297.006   236.968
   690.570   297.474   236.968
   700.000   297.631   236.968
   709.430   297.474   236.968
   718.831   297.006   236.968
   728.170   296.225   236.968
   737.420   295.131   236.968
   746.548   293.725   236.968
   755.526   292.007   236.968
   764.322   289.976   236.968
   772.907   287.633   236.968
   781.251   284.978   236.968
   789.322   282.010   236.968
   797.092   278.729   236.968
   804.530   275.136   236.968
   811.605   271.231   236.968
   818.288   267.014   236.968
   824.548   262.484   236.968
   830.355   257.641   236.968
   835.679   252.486   236.968
   840.490   247.019   236.968
   844.758   241.239   236.968
   848.451   235.147   236.968
   851.541   228.742   236.968
   853.997   222.025   236.968
   855.788   214.996   236.968
   856.885   207.654   236.968
   857.258   200.000   236.968
   543.805   200.000   233.745
   544.175   207.683   233.745
   545.264   215.053   233.745
   547.044   222.109   233.745
   549.483   228.852   233.745
   552.552   235.280   233.745
   556.220   241.396   233.745
   560.459   247.197   233.745
   565.237   252.685   233.745
   570.525   257.860   233.745
   576.293   262.721   233.745
   582.511   267.268   233.745
   589.149   271.502   233.745
   596.176   275.422   233.745
   603.564   279.028   233.745
   611.281   282.321   233.745
   619.298   285.300   233.745
   627.585   287.966   233.745
   636.112   290.318   233.745
   644.849   292.356   233.745
   653.766   294.081   233.745
   662.833   295.492   233.745
   672.020   296.590   233.745
   681.297   297.374   233.745
   690.633   297.844   233.745
   700.000   298.001   233.745
   709.367   297.844   233.745
   718.703   297.374   233.745
   727.980   296.590   233.745
   737.167   295.492   233.745
   746.234   294.081   233.745
   755.151   292.356   233.745
   763.888   290.318   233.745
   772.415   287.966   233.745
   780.702   285.300   233.745
   788.719   282.321   233.745
   796.436   279.028   233.745
   803.824   275.422   233.745
   810.851   271.502   233.745
   817.489   267.268   233.745
   823.707   262.721   233.745
   829.475   257.860   233.745
   834.763   252.685   233.745
   839.541   247.197   233.745
   843.780   241.396   233.745
   847.448   235.280   233.745
   850.517   228.852   233.745
   852.956   222.109   233.745
   854.736   215.053   233.745
   855.825   207.683   233.745
   856.195   200.000   233.745
   544.800   200.000   230.560
   545.168   207.724   230.560
   546.250   215.133   230.560
   548.018   222.226   230.560
   550.442   229.004   230.560
   553.491   235.467   230.560
   557.137   241.615   230.560
   561.348   247.447   230.560
   566.096   252.964   230.560
   571.350   258.166   230.560
   577.082   263.053   230.560
   583.260   267.624   230.560
   589.855   271.880   230.560
   596.838   275.821   230.560
   604.178   279.447   230.560
   611.846   282.757   230.560
   619.813   285.752   230.560
   628.047   288.432   230.560
   636.519   290.796   230.560
   645.201   292.845   230.560
   654.061   294.579   230.560
   663.070   295.998   230.560
   672.198   297.101   230.560
   681.416   297.889   230.560
   690.693   298.362   230.560
   700.000   298.520   230.560
   709.307   298.362   230.560
   718.584   297.889   230.560
   727.802   297.101   230.560
   736.930   295.998   230.560
   745.939   294.579   230.560
   754.799   292.845   230.560
   763.481   290.796   230.560
   771.953   288.432   230.560
   780.187   285.752   230.560
   788.154   282.757   230.560
   795.822   279.447   230.560
   803.162   275.821   230.560
   810.145   271.880   230.560
   816.740   267.624   230.560
   822.918   263.053   230.560
   828.650   258.166   230.560
   833.904   252.964   230.560
   838.652   247.447   230.560
   842.863   241.615   230.560
   846.509   235.467   230.560
   849.558   229.004   230.560
   851.982   222.226   230.560
   853.750   215.133   230.560
   854.832   207.724   230.560
   855.200   200.000   230.560
   545.723   200.000   227.408
   546.089   207.777   227.408
   547.165   215.236   227.408
   548.922   222.377   227.408
   551.331   229.202   227.408
   554.363   235.708   227.408
   557.986   241.898   227.408
   562.173   247.770   227.408
   566.892   253.325   227.408
   572.116   258.562   227.408
   577.813   263.482   227.408
   583.954   268.084   227.408
   590.510   272.369   227.408
   597.452   276.337   227.408
   604.748   279.987   227.408
   612.371   283.320   227.408
   620.289   286.335   227.408
   628.475   289.033   227.408
   636.897   291.414   227.408
   645.527   293.477   227.408
   654.334   295.222   227.408
   663.290   296.651   227.408
   672.363   297.762   227.408
   681.526   298.555   227.408
   690.748   299.031   227.408
   700.000   299.190   227.408
   709.252   299.031   227.408
   718.474   298.555   227.408
   727.637   297.762   227.408
   736.710   296.651   227.408
   745.666   295.222   227.408
   754.473   293.477   227.408
   763.103   291.414   227.408
   771.525   289.033   227.408
   779.711   286.335   227.408
   787.629   283.320   227.408
   795.252   279.987   227.408
   802.548   276.337   227.408
   809.490   272.369   227.408
   816.046   268.084   227.408
   822.187   263.482   227.408
   827.884   258.562   227.408
   833.108   253.325   227.408
   837.827   247.770   227.408
   842.014   241.898   227.408
   845.637   235.708   227.408
   848.669   229.202   227.408
   851.078   222.377   227.408
   852.835   215.236   227.408
   853.911   207.777   227.408
   854.277   200.000   227.408
   546.570   200.000   224.287
   546.933   207.841   224.287
   548.003   215.362   224.287
   549.751   222.563   224.287
   552.147   229.444   224.287
   555.162   236.005   224.287
   558.765   242.246   224.287
   562.929   248.167   224.287
   567.623   253.768   224.287
   572.817   259.048   224.287
   578.483   264.009   224.287
   584.591   268.650   224.287
   591.111   272.970   224.287
   598.014   276.971   224.287
   605.271   280.651   224.287
   612.852   284.012   224.287
   620.727   287.052   224.287
   628.867   289.773   224.287
   637.243   292.173   224.287
   645.826   294.253   224.287
   654.585   296.014   224.287
   663.491   297.454   224.287
   672.515   298.574   224.287
   681.628   299.374   224.287
   690.799   299.854   224.287
   700.000   300.014   224.287
   709.201   299.854   224.287
   718.372   299.374   224.287
   727.485   298.574   224.287
   736.509   297.454   224.287
   745.415   296.014   224.287
   754.174   294.253   224.287
   762.757   292.173   224.287
   771.133   289.773   224.287
   779.273   287.052   224.287
   787.148   284.012   224.287
   794.729   280.651   224.287
   801.986   276.971   224.287
   808.889   272.970   224.287
   815.409   268.650   224.287
   821.517   264.009   224.287
   827.183   259.048   224.287
   832.377   253.768   224.287
   837.071   248.167   224.287
   841.235   242.246   224.287
   844.838   236.005   224.287
   847.853   229.444   224.287
   850.249   222.563   224.287
   851.997   215.362   224.287
   853.067   207.841   224.287
   853.430   200.000   224.287
   547.334   200.000   221.192
   547.696   207.918   221.192
   548.761   215.513   221.192
   550.500   222.785   221.192
   552.884   229.733   221.192
   555.884   236.358   221.192
   559.469   242.660   221.192
   563.612   248.639   221.192
   568.283   254.295   221.192
   573.451   259.628   221.192
   579.089   264.637   221.192
   585.166   269.323   221.192
   591.654   273.686   221.192
   598.523   277.726   221.192
   605.743   281.443   221.192
   613.286   284.836   221.192
   621.122   287.906   221.192
   629.222   290.653   221.192
   637.556   293.077   221.192
   646.096   295.178   221.192
   654.811   296.956   221.192
   663.673   298.410   221.192
   672.652   299.541   221.192
   681.719   300.349   221.192
   690.845   300.834   221.192
   700.000   300.995   221.192
   709.155   300.834   221.192
   718.281   300.349   221.192
   727.348   299.541   221.192
   736.327   298.410   221.192
   745.189   296.956   221.192
   753.904   295.178   221.192
   762.444   293.077   221.192
   770.778   290.653   221.192
   778.878   287.906   221.192
   786.714   284.836   221.192
   794.257   281.443   221.192
   801.477   277.726   221.192
   808.346   273.686   221.192
   814.834   269.323   221.192
   820.911   264.637   221.192
   826.549   259.628   221.192
   831.717   254.295   221.192
   836.388   248.639   221.192
   840.531   242.660   221.192
   844.116   236.358   221.192
   847.116   229.733   221.192
   849.500   222.785   221.192
   851.239   215.513   221.192
   852.304   207.918   221.192
   852.666   200.000   221.192
   548.013   200.000   218.121
   548.373   208.007   218.121
   549.433   215.688   218.121
   551.164   223.042   218.121
   553.538   230.069   218.121
   556.524   236.769   218.121
   560.094   243.142   218.121
   564.218   249.189   218.121
   568.868   254.908   218.121
   574.014   260.301   218.121
   579.626   265.367   218.121
   585.676   270.106   218.121
   592.135   274.519   218.121
   598.974   278.604   218.121
   606.162   282.363   218.121
   613.671   285.795   218.121
   621.472   288.899   218.121
   629.536   291.678   218.121
   637.834   294.129   218.121
   646.335   296.253   218.121
   655.012   298.051   218.121
   663.834   299.522   218.121
   672.774   300.666   218.121
   681.800   301.483   218.121
   690.886   301.973   218.121
   700.000   302.136   218.121
   709.114   301.973   218.121
   718.200   301.483   218.121
   727.226   300.666   218.121
   736.166   299.522   218.121
   744.988   298.051   218.121
   753.665   296.253   218.121
   762.166   294.129   218.121
   770.464   291.678   218.121
   778.528   288.899   218.121
   786.329   285.795   218.121
   793.838   282.363   218.121
   801.026   278.604   218.121
   807.865   274.519   218.121
   814.324   270.106   218.121
   820.374   265.367   218.121
   825.986   260.301   218.121
   831.132   254.908   218.121
   835.782   249.189   218.121
   839.906   243.142   218.121
   843.476   236.769   218.121
   846.462   230.069   218.121
   848.836   223.042   218.121
   850.567   215.688   218.121
   851.627   208.007   218.121
   851.987   200.000   218.121
   548.600   200.000   215.070
   548.959   208.110   215.070
   550.015   215.888   215.070
   551.739   223.336   215.070
   554.104   230.453   215.070
   557.078   237.238   215.070
   560.634   243.693   215.070
   564.743   249.817   215.070
   569.375   255.609   215.070
   574.500   261.071   215.070
   580.091   266.202   215.070
   586.118   271.001   215.070
   592.552   275.470   215.070
   599.364   279.607   215.070
   606.524   283.414   215.070
   614.005   286.890   215.070
   621.776   290.034   215.070
   629.809   292.848   215.070
   638.074   295.330   215.070
   646.542   297.482   215.070
   655.186   299.302   215.070
   663.974   300.792   215.070
   672.879   301.950   215.070
   681.871   302.778   215.070
   690.921   303.274   215.070
   700.000   303.440   215.070
   709.079   303.274   215.070
   718.129   302.778   215.070
   727.121   301.950   215.070
   736.026   300.792   215.070
   744.814   299.302   215.070
   753.458   297.482   215.070
   761.926   295.330   215.070
   770.191   292.848   215.070
   778.224   290.034   215.070
   785.995   286.890   215.070
   793.476   283.414   215.070
   800.636   279.607   215.070
   807.448   275.470   215.070
   813.882   271.001   215.070
   819.909   266.202   215.070
   825.500   261.071   215.070
   830.625   255.609   215.070
   835.257   249.817   215.070
   839.366   243.693   215.070
   842.922   237.238   215.070
   845.896   230.453   215.070
   848.261   223.336   215.070
   849.985   215.888   215.070
   851.041   208.110   215.070
   851.400   200.000   215.070
   549.091   200.000   212.036
   549.449   208.225   212.036
   550.501   216.114   212.036
   552.220   223.668   212.036
   554.577   230.885   212.036
   557.542   237.767   212.036
   561.087   244.314   212.036
   565.182   250.524   212.036
   569.798   256.399   212.036
   574.907   261.938   212.036
   580.480   267.142   212.036
   586.488   272.010   212.036
   592.901   276.542   212.036
   599.690   280.738   212.036
   606.828   284.599   212.036
   614.284   288.124   212.036
   622.030   291.313   212.036
   630.036   294.167   212.036
   638.275   296.684   212.036
   646.716   298.867   212.036
   655.331   300.713   212.036
   664.091   302.224   212.036
   672.967   303.399   212.036
   681.930   304.238   212.036
   690.950   304.741   212.036
   700.000   304.909   212.036
   709.050   304.741   212.036
   718.070   304.238   212.036
   727.033   303.399   212.036
   735.909   302.224   212.036
   744.669   300.713   212.036
   753.284   298.867   212.036
   761.725   296.684   212.036
   769.964   294.167   212.036
   777.970   291.313   212.036
   785.716   288.124   212.036
   793.172   284.599   212.036
   800.310   280.738   212.036
   807.099   276.542   212.036
   813.512   272.010   212.036
   819.520   267.142   212.036
   825.093   261.938   212.036
   830.202   256.399   212.036
   834.818   250.524   212.036
   838.913   244.314   212.036
   842.458   237.767   212.036
   845.423   230.885   212.036
   847.780   223.668   212.036
   849.499   216.114   212.036
   850.551   208.225   212.036
   850.909   200.000   212.036
   549.482   200.000   209.015
   549.838   208.353   209.015
   550.888   216.366   209.015
   552.603   224.037   209.015
   554.953   231.367   209.015
   557.911   238.357   209.015
   561.446   245.005   209.015
   565.530   251.313   209.015
   570.135   257.280   209.015
   575.231   262.905   209.015
   580.789   268.190   209.015
   586.781   273.134   209.015
   593.178   277.737   209.015
   599.950   281.999   209.015
   607.069   285.920   209.015
   614.506   289.500   209.015
   622.231   292.739   209.015
   630.217   295.637   209.015
   638.434   298.194   209.015
   646.854   300.410   209.015
   655.447   302.285   209.015
   664.184   303.819   209.015
   673.037   305.013   209.015
   681.976   305.865   209.015
   690.974   306.377   209.015
   700.000   306.547   209.015
   709.026   306.377   209.015
   718.024   305.865   209.015
   726.963   305.013   209.015
   735.816   303.819   209.015
   744.553   302.285   209.015
   753.146   300.410   209.015
   761.566   298.194   209.015
   769.783   295.637   209.015
   777.769   292.739   209.015
   785.494   289.500   209.015
   792.931   285.920   209.015
   800.050   281.999   209.015
   806.822   277.737   209.015
   813.219   273.134   209.015
   819.211   268.190   209.015
   824.769   262.905   209.015
   829.865   257.280   209.015
   834.470   251.313   209.015
   838.554   245.005   209.015
   842.089   238.357   209.015
   845.047   231.367   209.015
   847.397   224.037   209.015
   849.112   216.366   209.015
   850.162   208.353   209.015
   850.518   200.000   209.015
   549.766   200.000   206.004
   550.122   208.495   206.004
   551.170   216.644   206.004
   552.882   224.445   206.004
   555.228   231.900   206.004
   558.179   239.008   206.004
   561.708   245.770   206.004
   565.785   252.184   206.004
   570.381   258.252   206.004
   575.467   263.973   206.004
   581.015   269.348   206.004
   586.995   274.376   206.004
   593.380   279.057   206.004
   600.139   283.391   206.004
   607.245   287.378   206.004
   614.667   291.019   206.004
   622.379   294.313   206.004
   630.349   297.260   206.004
   638.551   299.861   206.004
   646.954   302.115   206.004
   655.531   304.022   206.004
   664.252   305.582   206.004
   673.088   306.796   206.004
   682.010   307.663   206.004
   690.991   308.183   206.004
   700.000   308.356   206.004
   709.009   308.183   206.004
   717.990   307.663   206.004
   726.912   306.796   206.004
   735.748   305.582   206.004
   744.469   304.022   206.004
   753.046   302.115   206.004
   761.449   299.861   206.004
   769.651   297.260   206.004
   777.621   294.313   206.004
   785.333   291.019   206.004
   792.755   287.378   206.004
   799.861   283.391   206.004
   806.620   279.057   206.004
   813.005   274.376   206.004
   818.985   269.348   206.004
   824.533   263.973   206.004
   829.619   258.252   206.004
   834.215   252.184   206.004
   838.292   245.770   206.004
   841.821   239.008   206.004
   844.772   231.900   206.004
   847.118   224.445   206.004
   848.830   216.644   206.004
   849.878   208.495   206.004
   850.234   200.000   206.004
   549.941   200.000   203.001
   550.296   208.651   203.001
   551.343   216.948   203.001
   553.052   224.893   203.001
   555.396   232.484   203.001
   558.344   239.722   203.001
   561.869   246.607   203.001
   565.941   253.140   203.001
   570.531   259.319   203.001
   575.612   265.144   203.001
   581.153   270.617   203.001
   587.127   275.737   203.001
   593.504   280.504   203.001
   600.255   284.917   203.001
   607.352   288.978   203.001
   614.766   292.685   203.001
   622.469   296.040   203.001
   630.430   299.041   203.001
   638.622   301.689   203.001
   647.016   303.984   203.001
   655.582   305.926   203.001
   664.293   307.515   203.001
   673.119   308.751   203.001
   682.031   309.633   203.001
   691.001   310.163   203.001
   700.000   310.340   203.001
   708.999   310.163   203.001
   717.969   309.633   203.001
   726.881   308.751   203.001
   735.707   307.515   203.001
   744.418   305.926   203.001
   752.984   303.984   203.001
   761.378   301.689   203.001
   769.570   299.041   203.001
   777.531   296.040   203.001
   785.234   292.685   203.001
   792.648   288.978   203.001
   799.745   284.917   203.001
   806.496   280.504   203.001
   812.873   275.737   203.001
   818.847   270.617   203.001
   824.388   265.144   203.001
   829.469   259.319   203.001
   834.059   253.140   203.001
   838.131   246.607   203.001
   841.656   239.722   203.001
   844.604   232.484   203.001
   846.948   224.893   203.001
   848.657   216.948   203.001
   849.704   208.651   203.001
   850.059   200.000   203.001
   550.000   200.000   200.000
   550.355   208.820   200.000
   551.402   217.280   200.000
   553.110   225.380   200.000
   555.453   233.120   200.000
   558.400   240.500   200.000
   561.923   247.520   200.000
   565.994   254.180   200.000
   570.582   260.480   200.000
   575.661   266.420   200.000
   581.200   272.000   200.000
   587.171   277.220   200.000
   593.546   282.080   200.000
   600.294   286.580   200.000
   607.389   290.720   200.000
   614.800   294.500   200.000
   622.499   297.920   200.000
   630.458   300.980   200.000
   638.646   303.680   200.000
   647.037   306.020   200.000
   655.600   308.000   200.000
   664.307   309.620   200.000
   673.130   310.880   200.000
   682.038   311.780   200.000
   691.005   312.320   200.000
   700.000   312.500   200.000
   708.995   312.320   200.000
   717.962   311.780   200.000
   726.870   310.880   200.000
   735.693   309.620   200.000
   744.400   308.000   200.000
   752.963   306.020   200.000
   761.354   303.680   200.000
   769.542   300.980   200.000
   777.501   297.920   200.000
   785.200   294.500   200.000
   792.611   290.720   200.000
   799.706   286.580   200.000
   806.454   282.080   200.000
   812.829   277.220   200.000
   818.800   272.000   200.000
   824.339   266.420   200.000
   829.418   260.480   200.000
   834.006   254.180   200.000
   838.077   247.520   200.000
   841.600   240.500   200.000
   844.547   233.120   200.000
   846.890   225.380   200.000
   848.598   217.280   200.000
   849.645   208.820   200.000
   850.000   200.000   200.000
